	1_V6V8	10_L_V6V8	10_M_V6V8	10_O_V6V8	10_U_V6V8	11_L_V6V8	11_M_V6V8	11_O_V6V8	11_U_V6V8	12_L_V6V8	12_M_V6V8	12_O_V6V8	12_U_V6V8	13_L_V6V8	13_M_V6V8	13_O_V6V8	13_U_V6V8	14_V6V8	15_V6V8	16_V6V8	17_L_V6V8	17_O_V6V8	17_U_V6V8	19_L_V6V8	19_M_V6V8	19_O_V6V8	19_U_V6V8	2_L_V6V8	2_O_V6V8	2_U_V6V8	20_L_V6V8	20_O_V6V8	20_U_V6V8	21_V6V8	22_L_V6V8	22_M_V6V8	22_O_V6V8	22_U_V6V8	23_L_V6V8	23_O_V6V8	23_U_V6V8	24_L_V6V8	24_O_V6V8	24_U_V6V8	25_L_V6V8	25_M_V6V8	25_O_V6V8	25_U_V6V8	3_V6V8	4_V6V8	5_L_V6V8	5_O_V6V8	5_U_V6V8	6_V6V8	7_L_V6V8	7_M_V6V8	7_O_V6V8	7_U_V6V8	8_L_V6V8	8_O_V6V8	8_U_V6V8	9_L_V6V8	9_M_V6V8	9_O_V6V8	9_U_V6V8	NC1_V6V8	NC2_V6V8	NC3_V6V8
1708695	27.3333333333333	12.5	10.6666666666667	11.6666666666667	22.1666666666667	10.8333333333333	8.33333333333333	2.5	19.5	11.8333333333333	13.3333333333333	6.66666666666667	28.3333333333333	49	34	5.16666666666667	5.16666666666667	5.66666666666667	15	13	4.33333333333333	4	17.5	17.6666666666667	38.8333333333333	6.33333333333333	6.83333333333333	31.8333333333333	12.8333333333333	85.6666666666667	37.1666666666667	36.1666666666667	31.6666666666667	27.1666666666667	109.333333333333	76.1666666666667	17.6666666666667	19.5	25.6666666666667	7	86.3333333333333	8.5	8	9.16666666666667	101.166666666667	92.5	34.8333333333333	69.1666666666667	31.1666666666667	0	13	6.33333333333333	10.5	4.83333333333333	44.6666666666667	55.5	31.8333333333333	44.8333333333333	17.8333333333333	19.1666666666667	19.3333333333333	29.3333333333333	29.6666666666667	6.33333333333333	22	0	0	0
114708	11.3333333333333	4.33333333333333	7.16666666666667	6.16666666666667	13.3333333333333	18.5	7	28	11.3333333333333	5.33333333333333	4.5	9.16666666666667	6.33333333333333	30.1666666666667	33.3333333333333	38.1666666666667	18	29.5	15	26.5	14.5	16.5	34	29.8333333333333	51.6666666666667	44.8333333333333	18.1666666666667	2.66666666666667	6.16666666666667	9.5	2.5	19.3333333333333	14.5	15.5	20.6666666666667	13.8333333333333	43.5	37	50.6666666666667	51.1666666666667	21.8333333333333	6	7.83333333333333	21.1666666666667	56	29.1666666666667	74.8333333333333	32.6666666666667	26	9.33333333333333	8.33333333333333	7.66666666666667	7.33333333333333	14.1666666666667	2.83333333333333	5	11.1666666666667	3.33333333333333	4.83333333333333	9.16666666666667	8	8.33333333333333	8.5	7.5	7.33333333333333	0	0	0
103770	4.33333333333333	3.5	7.16666666666667	2	13.5	21.3333333333333	7.33333333333333	11.6666666666667	11.8333333333333	8.66666666666667	3.83333333333333	6.5	4.5	35.1666666666667	23.5	34.8333333333333	10.6666666666667	29.8333333333333	11.6666666666667	17	4.5	6.33333333333333	14.6666666666667	12.1666666666667	7.66666666666667	3.5	3.83333333333333	5.66666666666667	14	12.8333333333333	2.33333333333333	6	10.5	12.3333333333333	9	14.1666666666667	8.66666666666667	24.3333333333333	28.1666666666667	28.5	53.1666666666667	12.1666666666667	7.16666666666667	36.1666666666667	19.3333333333333	6.5	39.1666666666667	11.6666666666667	4	0	8.5	1.5	10.1666666666667	5.83333333333333	0.5	2.33333333333333	6.33333333333333	1.33333333333333	5	12.5	3.66666666666667	2.33333333333333	4.66666666666667	2.16666666666667	6.33333333333333	0	0	0
750007	19	55	34.5	0	40.5	15	15.5	0	0	35	14	27	45	47.5	15.5	0	0	16.5	63	31	67.5	42.5	88.5	37	0	0	0	13	28	25.5	39.5	0	26	57.5	37.5	0	26.5	23	63	38	0	47.5	20	46	27	17	36	30	32	111	82	81	36	49	31	36.5	25.5	46	42.5	39	54	75	48	23	29	0	0	0
1135287	8	20	47	66.5	12	16.5	22.5	46.5	16	39.5	26	22	28.5	14.5	9.5	2.5	2	5.5	11.5	11	32.5	53.5	19	10.5	26.5	13.5	0	8	0	13.5	0	14	22.5	7.5	15	17.5	15.5	0	40	45	15	17	32	5	11	15	17	0	12.5	45.5	17	14	24	16.5	19.5	16	23	20	19.5	16	28	39.5	26	22	23	0	0	0
574772	32	0	0	0	42	32	31	40	13.5	33.5	38	23.5	14.5	82.5	12.5	27.5	0	81.5	49	50	177.5	108	60	14.5	0	14	0	13.5	33	33.5	16.5	64.5	38	16	60	38	49	0	58.5	48	12.5	138.5	180	53	0	0	0	0	61	269	60.5	56	57	34	13	16	16	13.5	30	5	8	99	31.5	31.5	15.5	0	0	0
4342020	0.166666666666667	3.66666666666667	5.66666666666667	2.5	26.6666666666667	0.5	1.5	1.5	6.5	0	7.5	3.66666666666667	16.3333333333333	0.833333333333333	0	0.333333333333333	0	0	2	0	0	1.5	19.6666666666667	26.6666666666667	18.8333333333333	27.1666666666667	13.5	0	0	1	0.5	3.33333333333333	4.33333333333333	9.83333333333333	2.5	0	4.33333333333333	2.83333333333333	17	1.33333333333333	34	1	0	14.1666666666667	3.83333333333333	2.66666666666667	1	1	2.83333333333333	0	0	0	0	2	0	4.83333333333333	1.83333333333333	3.83333333333333	1.83333333333333	0.833333333333333	13.1666666666667	1.5	0.833333333333333	0	2	0	0	0
161623	11	0	0	0	0	0	0	23.5	0	0	0	0	0	0	0	18.5	0	0	0	12.5	26.5	0	0	30.5	8.5	0	0	0	0	0	15	20.5	0	0	48	0	15	0	0	7.5	0	12.5	0	0	9.5	0	0	0	34	0	9	12	0	0	0	8	0	12	43.5	28.5	8.5	7.5	0	31.5	3	0	0	0
749604	3.5	0	0	0	0	5	0	3.83333333333333	0	0	0	3.33333333333333	2.66666666666667	0	0	7.5	3.16666666666667	12.5	5.66666666666667	15.5	4.66666666666667	4.16666666666667	10.6666666666667	6.83333333333333	8.5	9.5	0	2	8.83333333333333	6.66666666666667	0	2.66666666666667	5.66666666666667	6.83333333333333	5.66666666666667	4.16666666666667	4.66666666666667	6.83333333333333	6.33333333333333	8	3.66666666666667	2.83333333333333	7.5	19.1666666666667	4.16666666666667	2.5	6.33333333333333	3.83333333333333	5	0	3.83333333333333	3.33333333333333	4.33333333333333	3.16666666666667	0	0	0	0	2.33333333333333	0	0	0	0	5.16666666666667	0	0	0	0
1126251	30.5	17.5	24.5	54.5	16.5	14.5	26.5	0	0	13.5	55	27	16	0	0	0	9.5	22.5	34.5	0	0	0	0	0	25.5	0	0	40	26	24	0	51	31	0	0	26	18.5	0	9	0	20	55	34.5	19.5	29.5	41	0	0	0	0	22	0	40	0	46.5	40	27	27.5	0	0	0	0	17	0	0	0	0	0
251184	2.66666666666667	0	4.66666666666667	0	15.8333333333333	0	0	0	0	6.16666666666667	7.66666666666667	11.5	9.33333333333333	0	0	4.33333333333333	0	0	0	0	5.16666666666667	2.83333333333333	33.5	15	0	4.16666666666667	0	0	0	3.33333333333333	0	0	4.5	34.3333333333333	0	0	0	6	0	0	2.83333333333333	0	0	0	0	0	0	0	0	5.66666666666667	0	0	0	12.3333333333333	0	0	3.83333333333333	5.5	5.66666666666667	7.16666666666667	21.8333333333333	0	3.66666666666667	0	4.16666666666667	0	0	0
2280603	3.83333333333333	3.83333333333333	5.5	0	5.33333333333333	4.33333333333333	0	2.83333333333333	3.33333333333333	2.66666666666667	4.16666666666667	2.83333333333333	6.5	7.16666666666667	3.5	3.33333333333333	2.5	15.6666666666667	22.6666666666667	4.5	3.33333333333333	4.66666666666667	6.33333333333333	4.16666666666667	2.5	2.33333333333333	0	4.5	4.66666666666667	11.5	0	0	0	12.5	0	0	0	4.66666666666667	6.33333333333333	3.66666666666667	5.66666666666667	3	0	8.66666666666667	7	0	4.16666666666667	4.16666666666667	3	5.33333333333333	5.5	3.16666666666667	2.33333333333333	2.33333333333333	0	0	3.5	0	0	2.66666666666667	0	0	0	0	0	0	0	0
4318238	15.5	22.5	0	0	16	15	8.5	0	0	15.5	13.5	12	9	0	0	0	0	0	27	0	0	0	17	32.5	11.5	0	0	8	12	20	0	0	22.5	0	10.5	18	0	0	0	0	0	0	0	21.5	11.5	26	0	23.5	0	7.5	0	0	14	19.5	0	15.5	0	18.5	0	0	11	0	0	0	0	0	0	0
4427542	7.33333333333333	0.5	1.16666666666667	2.33333333333333	3.33333333333333	5.83333333333333	1.83333333333333	4.16666666666667	5.33333333333333	0	1.83333333333333	1	5.66666666666667	0	0	1.16666666666667	0	6.5	5.16666666666667	3.5	1.16666666666667	3	26	10.5	1.16666666666667	2.5	1.66666666666667	3.5	4.16666666666667	19.1666666666667	0	0	6.5	6.66666666666667	0	0	0	0	3.83333333333333	0	2.83333333333333	3.83333333333333	0	47.8333333333333	0.333333333333333	0.5	7.16666666666667	0.833333333333333	5.33333333333333	1.83333333333333	1.5	0	0	1.5	2	0.5	2.33333333333333	0.833333333333333	2.5	3.5	5	1.16666666666667	0.833333333333333	0	0.833333333333333	0	0	0
112012	0	46.5	51	63	4	0	14.5	10.5	0	14	0	9.5	0	24	0	27	0	0	11	0	25	16.5	11	6	13	0	0	15	16	15.5	0	0	16.5	0	13	0	18	0	17	25.5	7.5	10.5	10	0	0	0	7.5	8.5	0	23.5	17	17.5	22.5	12	14	18.5	16	17	10.5	26.5	28	0	25	12	20	0	0	0
4364247	0.833333333333333	2.5	2	1.16666666666667	8.5	0.5	0	0	0.666666666666667	0	0.333333333333333	0	0.166666666666667	0	0	1.83333333333333	0	1	0.666666666666667	0	11.8333333333333	2.83333333333333	80.5	0.166666666666667	0	0.333333333333333	0	0.833333333333333	0.5	2.16666666666667	0	0	1.5	13.8333333333333	0	0	0	0	2.83333333333333	0	5.16666666666667	1.33333333333333	0	3	2.5	1.5	4	5.33333333333333	0.833333333333333	1.5	0	0	0	8.33333333333333	3.66666666666667	4.5	3.16666666666667	2.66666666666667	2.83333333333333	6.66666666666667	3.33333333333333	1.5	3.16666666666667	0	1.83333333333333	0	0	0
1142585	11.5	0	0	0	0	0	0	13	0	44	10	35.5	0	0	0	13.5	0	0	0	0	14.5	23.5	0	0	0	0	0	9.5	8.5	14.5	0	0	0	0	0	0	17	0	0	28	17	6.5	14.5	0	0	0	0	0	42.5	0	0	0	0	0	11.5	0	14.5	0	0	0	0	27	17.5	0	0	0	0	0
553118	2.66666666666667	1	2	1	4	0.833333333333333	1.16666666666667	0.166666666666667	0.666666666666667	0	1.33333333333333	1.16666666666667	0.5	0.833333333333333	0	0.666666666666667	0	1.83333333333333	1	0	0	0	3	1.16666666666667	0.833333333333333	3.83333333333333	1.66666666666667	0	0	3.16666666666667	0.333333333333333	1.83333333333333	8.5	17.5	0	0	0.166666666666667	0	1	0.5	2.83333333333333	0.833333333333333	0	3	1.33333333333333	1.66666666666667	1.66666666666667	1.83333333333333	1.83333333333333	0	0	0	0	0	0	0.833333333333333	0.666666666666667	0	0.666666666666667	1.66666666666667	4.16666666666667	0.333333333333333	0	0	1.83333333333333	0	0	0
1142159	0	0	3.5	0	0	0	0	0	0	0	0	0	0	0	0	80	0	0	0	8	2.5	6	0	0	0	0	0	0	0	0	0	0	0	0	0	0	27.5	0	0	0	0	0	0	0	0	0	62	0	1	0	0	0	0	0	0	0	0	0	0	26	0	3	0	194.5	0	0	0	0
156658	0	0	6.5	3.5	0	0	10	0	6.5	5.5	5	11	3	8	22	0	12	0	0	0	0	7	0	8.5	13	10	0	0	0	0	0	0	11	5.5	0	7	8	13.5	11	10.5	0	0	0	0	7.5	16	6.5	15	0	0	0	0	0	0	12.5	18.5	9.5	11.5	0	0	5.5	0	8.5	0	10.5	0	0	0
4479483	0	0	0	0	0	0	0	0	0	6.5	7.5	5	0	187.5	376	65.5	65.5	0	0	0	0	4	0	11	145.5	57.5	11.5	0	0	0	0	0	3	0	0	0	0	0	0	0	0	0	0	0	0	0	0	0	0	0	0	0	0	0	5	11.5	36.5	12	0	0	0	0	19	0	0	0	0	0
100174	25	0	8	7.5	23.5	12	13	26	22.5	9.5	9	11.5	13	0	0	13	24.5	35.5	10	24.5	25	9.5	28	8	10.5	9	20.5	13.5	24	28.5	0	13.5	23	10.5	0	13.5	9.5	15	17	12.5	12.5	0	11	28	6.5	7.5	13	13.5	19.5	26	16	15	19	20.5	16	15	18.5	20	12.5	14.5	25	0	5	17	17.5	0	0	0
512880	0	9	0	0	9	7	8	0	0	0	0	0	0	0	0	19.5	0	0	0	0	28	0	40	7.5	0	0	0	7	7	11.5	0	0	9	0	0	0	0	0	0	18.5	0	12.5	0	13	12.5	0	0	0	21.5	0	0	0	0	15	0	0	9	10.5	0	0	11.5	0	0	0	0	0	0	0
136276	31	21.5	23	35	0	0	0	0	0	0	0	0	0	6.5	0	0	0	0	0	0	0	0	0	0	0	0	0	19.5	18.5	0	0	0	0	0	0	0	0	0	0	0	0	52	9.5	26.5	0	0	0	0	0	12.5	52.5	0	11	0	0	0	0	0	0	0	0	14.5	0	14.5	0	0	0	0
336202	0	0.5	0.666666666666667	0	0.833333333333333	0	0	0	0	0	0	0	0.5	2.16666666666667	0	0.333333333333333	0	0	5	0	0	0	5.83333333333333	1.83333333333333	0	0	0	0	0	3.66666666666667	1.33333333333333	4.33333333333333	6.66666666666667	0	0.666666666666667	0	0	0	8.5	0.666666666666667	0	1.66666666666667	0	5.16666666666667	33.1666666666667	13.5	6.16666666666667	9.66666666666667	0	0	0	0	0	0	0	2.33333333333333	0	0.666666666666667	0	0.166666666666667	0.833333333333333	5.33333333333333	1.66666666666667	0	1.83333333333333	0	0	0
96893	4.33333333333333	9.66666666666667	6.5	6.16666666666667	2.5	4.5	4.33333333333333	0	2.83333333333333	0	0	0	4.16666666666667	10.1666666666667	0	2.16666666666667	0	0	11.8333333333333	0	0	0	1.66666666666667	3.83333333333333	0	0	0	0	4.5	0.666666666666667	1.83333333333333	2.66666666666667	2.66666666666667	3.16666666666667	2.66666666666667	0	0	0	10.6666666666667	1.5	0	4.33333333333333	1.83333333333333	4.5	22.5	3.33333333333333	7.5	2.83333333333333	0	0	4.5	0	2.16666666666667	0	3.5	2.16666666666667	0	1.16666666666667	2.83333333333333	2.33333333333333	9.16666666666667	3	1.66666666666667	0	0.666666666666667	0	0	0
570713	0	0	8.5	0	10.5	0	5.5	6.5	5	14.5	0	0.5	9.5	0	9.5	0	21	5	18	6	9	2.5	6.5	12	9	0	4.5	0	0	3	0	4	5.5	0	0	10	5.5	5	7.5	9	14	0	11	10.5	5.5	12.5	8	7.5	0	4.5	14	9.5	9.5	8.5	3.5	8.5	4.5	3	0	6	3	0	1	15.5	7.5	0	0	0
156655	0	0	12	9.5	7.5	0	0	7.5	0	9.5	0	0	0	0	0	0	0	0	3	0	16	6.5	10	0	0	0	0	7	8.5	0	0	0	0	0	0	0	6	0	11	14	0	7.5	11.5	0	8	0	0	0	16.5	0	0	10	7	0	13.5	0	0	10	6.5	11	0	0	0	0	0	0	0	0
156849	0	0	0	0	0	10	7	0	0	0	0	0	0	0	0	0	0	0	0	0	13.5	0	0	0	0	13.5	0	0	0	0	44	29.5	23	0	0	0	0	0	0	0	0	13.5	0	0	0	0	0	0	9	0	0	0	0	0	0	0	0	0	0	0	0	10.5	0	0	0	0	0	0
155935	0	0	2.66666666666667	0	2	0	0	3	0	2.5	1.66666666666667	4.16666666666667	2.33333333333333	5.5	10.1666666666667	0	15.1666666666667	0	0	2.66666666666667	0	0	0	0	3.83333333333333	4.66666666666667	3.83333333333333	0	0	2.66666666666667	0	0	0	0	0	0	4.33333333333333	0	0	0	1.33333333333333	0	0	3.16666666666667	3.33333333333333	8.5	8.33333333333333	13.3333333333333	0	0	0	0	0	0	0	0	3.33333333333333	0	0	0	0	0	0	0	0	0	0	0
2223007	0	0	0	0	0	0	0	0	0	5	46	21	62	0	24	0	0	0	0	0	0	0	0	0	26	0	0	0	0	22	0	0	0	0	0	0	0	0	18	0	154	0	0	0	0	0	0	0	0	0	0	0	0	0	0	0	0	0	0	0	0	0	43	0	40	0	0	0
662817	0	0	0	0	0	0	13	0	10	0	0	0	0	15	52	0	48	0	0	0	0	0	0	0	18	0	32	0	0	0	0	0	0	19	32	25	26	38	0	0	0	0	0	0	0	0	0	14	0	0	0	0	0	0	27	60	22	49	0	0	21	0	0	0	15	0	0	0
74807	0	0	0	0	0	0	16	27	15	0	0	34	6	0	0	43	0	0	0	16	0	9	0	0	6	14	19	0	13	20	0	14	0	0	0	0	19	11	0	15	0	0	0	0	13	0	22	10	14	0	0	0	0	0	7	15	40	14	6	9	20	0	10	17	19	0	0	0
573717	0.333333333333333	2	4	2.66666666666667	14.1666666666667	1.33333333333333	2.33333333333333	0	5	0	3.5	4.5	4	0	0	0	0	0	0	0	0	0.166666666666667	3.66666666666667	2.16666666666667	4	6	1.83333333333333	0	0	0.666666666666667	0	0	2.16666666666667	5.16666666666667	0	0	0	0	0.5	0	1	0.666666666666667	0	0.333333333333333	0.333333333333333	1	0.5	1.66666666666667	1.33333333333333	0	0	0	0	0.333333333333333	0	0.333333333333333	0	0.333333333333333	0.166666666666667	0.5	0.5	1.16666666666667	0.833333333333333	0	1.66666666666667	0	0	0
706296	0	0	0	22.5	10.5	0	19	0	12.5	0	0	6	0	0	0	0	0	0	0	0	0	0	0	0	4.5	3.5	0	0	0	0	0	0	0	0	0	0	5	6	0	0	0	0	0	0	0	7.5	4	0	0	0	0	0	0	0	0	11	3	0	0	0	11	0	0	0	0	0	0	0
136135	0	0	0	12	2.5	2.5	2	5	0	0	0	11.5	0	22.5	0	0	0	7	0	7	4	0	1.5	0	0	0	0	0	0	2.5	0	0	6.5	0	0	0	0	0	0	0	0	0	0	3	1.5	0	0	0	0	1.5	0	9	0	4.5	5	6	8	9	0	7.5	0.5	20	0	0	0	0	0	0
557394	0	8.5	0	0	0	0	0	0	0	8.5	0	0	0	0	0	0	0	11	14	6.5	0	0	10.5	18	0	0	0	0	0	0	0	0	0	0	0	0	0	0	0	0	0	0	0	0	0	0	0	0	0	0	8	11.5	10.5	9.5	0	0	0	0	11.5	13.5	0	0	0	0	0	0	0	0
1118978	0	0	1.16666666666667	0	2.33333333333333	0	0	0	1.66666666666667	0	0	0	0	0	4.66666666666667	0	2.83333333333333	0	0	0	0	0	0	2.16666666666667	5.5	3.83333333333333	0	2.66666666666667	0	0	0	0	0	0	0	0	0	0	3	0	3.83333333333333	0	0	5.16666666666667	6.33333333333333	11	4.5	11.5	0	0	0	0	0	0	0	0	0	0	0	0	0	0	0	0	0	0	0	0
338597	0	0	0	0	0	0	0	0	0	0	0	4.33333333333333	0	0	0	0	0	0	0	0	0	0	0	0	0	3	8	0	0	7.33333333333333	0	0	0	0	0	0	0	6.66666666666667	0	0	0	0	0	0	0	0	0	0	0	0	0	0	0	0	9	0	0	14	0	4.66666666666667	12.3333333333333	0	0	0	3.66666666666667	0	0	0
841279	0	0	0	0	0	0	0	0	0	0	0	45	0	0	0	0	45	0	0	0	0	0	0	0	51	94	31	0	0	0	0	0	0	0	0	0	37	0	0	0	0	0	0	0	0	0	0	0	0	0	0	0	0	0	0	0	0	20	0	0	0	0	0	0	15	0	0	0
218817	0	0	0	0	0	0	0	0	0	0	0	0	0	0	0	0	0	0	0	0	0	0	0	0	0	0	0	0	0	0	0	0	0	0	0	8	8	0	0	0	0	0	0	0	5	12	0	50.5	0	0	0	0	0	0	0	8	0	4.5	0	0	11.5	0	0	0	0	0	0	0
4457189	0	0	0	0	0	0	0	0	0	0	0	0	0	0	0	0	1.16666666666667	0	0	0	0	0	0	0	0	0	0	0	0	0	0	0	0	0	0	0	0	0	16.1666666666667	5.5	10.6666666666667	0	0	0.833333333333333	0	0	0	0	0	0	0	0	0	0	0	0	0	0	0	0	0	0	0	0	0	0	0	0
824359	0	0	0	0	0	0	0	0	0	0	0	0	0	0	0	0	0	0	0	0	0	4.33333333333333	0	3.66666666666667	3.33333333333333	67.3333333333333	46.3333333333333	0	0	0	0	0	0	0	0	0	0	0	0	0	0	0	0	0	0	0	0	0	0	0	0	0	0	0	0	0	0	0	0	0	0	0	0	0	0	0	0	0
513782	1	21	12	0	0	0	0	0	0	0	0	0	0	41	0	49	0	0	0	0	43	13	0	0	0	0	0	0	10	0	0	0	0	0	0	0	0	0	0	0	0	18	9	0	0	0	0	5	0	0	0	0	0	12	0	0	0	4	15	16	0	0	0	0	0	0	0	0
4457011	0	0	0	0	0	0	0	0	0	0	0	0	0	0	0	37.25	0	0	0	3.5	2.25	0	2.25	0	0	0	0	0	0	0	0	0	0	0	0	0	0	0	0	0	0	0	0	0	0	0	0	0	0	0	0	0	0	0	0	2.25	0	1.25	0	0	0	0	0	0	0	0	0	0
1554826	0	0	0	0	0	0	22.5	7	12	15	11.5	6.5	19.5	18	30	0	0	0	0	0	0	0	0	0	0	0	0	0	0	0	0	0	0	0	0	0	0	0	0	0	0	0	0	0	0	0	0	0	0	0	0	0	0	0	0	0	6	0	0	0	0	0	13.5	6.5	0	0	0	0
221405	5.5	5.5	6.5	0	0	0	0	14.5	0	0	0	6	0	0	0	4	0	0	0	0	5	5	0	0	0	0	0	5	0	0	0	0	0	0	0	0	0	0	0	0	8.5	0	0	0	0	0	0	0	16.5	0	0	0	0	0	0	3.5	5	5.5	0	5	6.5	0	0	0	0	0	0	0
916374	0	0	0	0	0	0	0	0	0	0	0	0	0	0	24.5	0	18.5	0	0	0	0	7.5	0	0	22.5	17	37	0	0	0	0	0	0	0	0	9	12.5	12.5	0	0	11	0	0	0	0	0	0	12	0	0	0	0	0	0	7.5	13.5	0	20.5	0	0	0	0	0	0	19	0	0	0
943557	0	2.66666666666667	0	1.16666666666667	0	0	0	2.66666666666667	0	0	0	0	0	0.833333333333333	1	0.833333333333333	2.66666666666667	1.5	1.83333333333333	3.16666666666667	0	3.83333333333333	3	0	0	3	0	0	0	0	0	0	0	0	0	0	5.33333333333333	4.16666666666667	4.33333333333333	2.5	3.33333333333333	0	0	0	0	0	3.66666666666667	0	3	1.66666666666667	0	0	0	2.66666666666667	0	0	0	0	0	0	0	0	0	0	0	0	0	0
3134878	0	0	0	0	0	0	0	0	0	0	0	0	0	0	0	18.25	3.5	0	0	0	0	0	0	0	0	11	7.5	0	0	0	0	0	0	0	0	0	0	0	0	0	0	0	0	1.75	0	0	0	0	0	0	0	0	0	0	0	0	0	0	0	0	0	0	0	0	0	0	0	0
102602	0	0	0	0	0	0	0	9	13	0	0	14	0	0	0	0	0	0	0	0	0	0	21	0	26	0	0	0	0	0	0	0	9	0	0	17	14	16	0	16	0	0	0	0	0	19	0	9	0	0	0	0	0	0	6	13	0	0	0	0	12	0	0	0	9	0	0	0
4338090	0	0	0	0	0	0	0	3.16666666666667	0	0	0	0	0	0	0	2	0	0	0	0	2	2.16666666666667	3	3.5	3.66666666666667	0	0	0	0	0	0	0	0	0	0	0	3.5	5.16666666666667	0	0	0	0	0	0	6	0	10.8333333333333	0	0	0	0	0	0	0	0	0	0	0	0	0	0	0	0	0	0	0	0	0
697651	18	0	11	19	6	41	14	4	11	0	0	7	6	0	0	0	0	6	0	0	0	7	13	0	0	0	0	0	19	0	0	0	7	0	7	0	0	5	5	8	0	0	7	5	3	8	5	0	0	0	0	0	32	0	15	7	8	13	0	0	0	0	0	6	0	0	0	0
1108411	0	0	0	0	0	0	0	5.33333333333333	0	0	0	4.66666666666667	0	0	0	3.66666666666667	0	0	0	7	0	4.66666666666667	0	0	0	8.33333333333333	0	5.66666666666667	0	0	0	4	0	0	0	0	0	1.66666666666667	0	0	0	0	0	0	0	0	5.66666666666667	5.33333333333333	0	4.66666666666667	0	0	0	0	0	0	0	0	0	0	0	0	0	0	0	0	0	0
212223	0	34	10.5	0	0	7	0	0	0	0	0	0	0	0	0	5	0	0	0	0	0	0	0	0	0	3	0	6	0	0	0	0	0	0	0	0	0	0	0	3.5	0	23.5	0	0	0	0	0	0	0	1	0	0	0	0	0	0	0	0	0	0	0	0	0	0	0	0	0	0
585066	0	2.66666666666667	2.83333333333333	0	2	0	0	0	0	0	0	0	1.83333333333333	11.1666666666667	4.66666666666667	1.83333333333333	0	0	0	0	0	0	0.666666666666667	0.333333333333333	0	0.333333333333333	0	0	3.16666666666667	0	0	0	0	1	0	0	0	0	0	0	0	1.83333333333333	0	2.5	2	0	2	0	0	0	0	0	0	0	0	0	0	0	0	0	2.16666666666667	0	0.333333333333333	0	0	0	0	0
922641	0	0	0	0	0	0	0	0	0	0	0	0	0	0	2.4	0	6.2	0	0	0	0	0	0	0	0	0	0	0	0	0	0	0	0	0	0	0	0	0	2	0	26.8	0	0	0	0	0	0	1.6	0	0	0	0	0	0	0	0	0	0	0	0	3.2	0	0	0	0	0	0	0
1072135	0	0	3.66666666666667	4.66666666666667	3.66666666666667	3.66666666666667	0	0	0	0	0	0	0	0	0	0	0	0	0	0	0	0	0	0	0	0	0	0	9.66666666666667	0	2.33333333333333	5.66666666666667	0	0	0	0	0	0	0	0	0	0	0	0	0	0	0	0	0	0	2	6.66666666666667	0	0	0	0	0	0	0	0	0	5	0	5.33333333333333	0	0	0	0
335341	0	0.166666666666667	0.5	0	0.833333333333333	0	0	0	0	0	0	0	1	0.5	0.166666666666667	0.5	0	0	1.33333333333333	0	0	0	2.33333333333333	1	0	1	0	0	0	3.33333333333333	0	0	0.5	0.833333333333333	0	0	0	0	1.5	0	0	0.5	0	1.5	11.6666666666667	4.66666666666667	1.83333333333333	2	1.16666666666667	0	0	0	0	0	0	0	0	0	0	0	0.166666666666667	0	0.166666666666667	0	0	0	0	0
222755	0	0	0	0	0	0	0	0	0	0	0	0	0	0	7.5	0	7	0	0	0	0	0	0	0	21	0	12.5	0	0	0	0	0	0	0	0	8.5	5.5	0	0	0	5.5	0	0	0	0	7	0	7	0	0	0	0	0	0	0	0	0	0	0	0	0	0	0	0	0	0	0	0
1011216	5.5	0	5.5	5	4	6	13.5	0	5.5	0	9	0	6	0	0	0	0	0	0	0	0	0	0	0	0	0	0	0	0	9	0	0	0	0	0	0	0	0	8.5	0	10.5	5	13	26.5	0	0	0	0	0	7	0	0	0	6	7	0	6.5	11.5	0	0	0	0	0	0	0	0	0	0
238734	2.5	0	0	0	0	0	0	0	0	0	1.16666666666667	1.33333333333333	2.16666666666667	0	0	0	0	0	0	0	0	0	0	0	2.33333333333333	0.833333333333333	0	0	0	0	0	3.83333333333333	0	0	0	0	0	0	0	0	0	0	0	2.5	11.3333333333333	0	5.5	2.33333333333333	0	0	0	0	0	0	0	0	0	0	0	0	0	0	0	0	0	0	0	0
215521	0	0	6	0	0	5.33333333333333	9.33333333333333	0	7.33333333333333	12.6666666666667	18.6666666666667	9	10	5.66666666666667	4.33333333333333	0	0	0	0	0	0	0	0	0	0	0	0	0	0	0	0	0	0	0	0	11	0	0	0	0	0	0	0	0	0	5.33333333333333	0	0	0	0	0	0	0	0	0	0	0	0	0	0	0	0	0	0	0	0	0	0
655011	0	0	0	0	0	0	0	0	0	0	0	0	0	0	0	0	0	0	0	0	0	0	0	0	0	0.75	0	0	0	0	0	0	0	0	0	0	0	0	0	0	0	0	0	0	0	0	0	0	0	0	0	0	0	0	0	0	0	0	6.75	6.25	14.5	0	0	0	0	0	0	0
206963	0	0	0	0	0	0	0	0	0	0	0	0	0	4	18	0	5	0	0	0	0	0	0	0	4.5	0	16	0	0	0	0	0	0	0	0	0	0	0	0	0	0	0	0	0	0	5	0	3.5	0	0	0	0	0	0	0	0	0	0	0	0	0	0	0	0	0	0	0	0
217746	0	0	0	0	0	0	0	0	0	0	0	0	0	0	25	0	5	0	0	0	0	0	0	0	12	6	8	0	0	0	0	0	0	0	0	0	0	0	0	0	0	0	0	0	0	0	0	0	0	0	0	0	0	0	0	0	0	0	0	0	0	0	0	0	0	0	0	0
945884	0	0	0	0	0	0	0	0	0	0	0	0	0	0	14.5	0	0	0	0	0	0	0	0	0	13	8.5	0	0	0	0	0	0	0	0	0	0	0	0	0	0	11	0	0	0	0	0	0	0	0	0	0	0	0	0	8.5	0	0	0	0	0	0	0	0	0	0	0	0	0
561842	0	0	0	0	0	0	0	0	0	0	0	0	6.5	0	0	0	0	0	0	0	31.5	14	11	0	0	0	0	9.5	11.5	0	0	0	0	0	0	0	0	0	0	0	0	0	5	0	0	0	0	0	27.5	0	0	0	0	0	0	0	0	0	0	0	0	3	0	0	0	0	0	0
821690	0	0	0	0	5.5	0	0	0	0	0	0	0	0	0	0	0	0	0	0	0	0	0	0	0	0	0	0	9.5	4.25	7.5	0	0	4.5	6	0	0	0	0	0	0	0	0	0	7.5	0	0	5.25	0	0	0	0	0	0	5	0	0	0	0	0	0	3	0	0	0	0	0	0	0
156886	0	0	0	0	0	2	0	0	0	0	0	0	0	0	0	0	0	0	0	0	0	0	0	0	0	0	0	0	0	0	0	0	0	0	0	0	0	0	0	0	0	0	0	0	4.5	0	0	0	0	0	0	0	0	0	14.5	8	5.5	8	0	0	8.5	0	24.5	0	10	0	0	0
342569	0	0	0	0	0	0	0	0	0	0	0	0	0	0	4.66666666666667	0	0	0	0	0	0	0	0	0	6.33333333333333	0	0.333333333333333	0	0	0.333333333333333	0	0	0	0	0	5.33333333333333	0	0.666666666666667	0	0	7.66666666666667	0	0	0	0	0	0	6.33333333333333	0	0	0	0	0	0	0	0	0	0	0	0	0.333333333333333	0	3.66666666666667	0	0	0	0	0
1145785	0	0	0	0	0	0	0	0	0	0	0	0	0	0	0	0	0	0	0	0	0	0	0	0	0	5.75	5.75	0	0	0	0	0	0	0	0	0	3	0	0	0	0	0	0	0	0	0	0	0	0	0	3.25	0	0	0	0	0	0	0	0	1.75	6.5	0	0	0	0	0	0	0
178076	0	0	0	0	1.66666666666667	0	0	0	0	0	0	0	0	0	0	0	0	0	0	0	0	0	0	0	0	0	0	0	0	0	0	0	0	0	0	0	0	4.66666666666667	0	0	0	0	0	0	0	0	3.16666666666667	0	0	6	1.5	0	0	0	0	0	0	0	0	0	0	0	0	0	0	0	0	0
4450234	5	0	0	0	0	9.5	0	0	0	0	0	0	0	0	0	0	0	0	0	0	0	0	0	0	0	0	0	10	5	0	15	0	0	1.5	0	0	0	0	0	0	0	0	0	0	0	0	0	0	5	3.5	0	0	0	0	0	0	0	0	13.5	0	0	0	0	0	0	0	0	0
3189496	0	0	0	0	0	0	0	0	0	0	0	0	0	0	0	0	0	0	0	0	0	0	0	0	0	0	0	0	0	0	0	0	0	11.1111111111111	0	0	0	0	0	0	0	0	0	0	0	0	0	0	0	0	0	0	0	0	0	0	0	0	0	0	0	0	0	0	0	0	0	0
1064973	0	0	0	0	0	0	0	0	0	0	0	0	0	4.66666666666667	0	11.3333333333333	0	6.33333333333333	0	0	0	0	0	0	0	0	0	0	0	9.66666666666667	0	0	0	0	0	0	0	0	0	0	0	0	0	0	0	0	0	0	0	0	0	0	0	0	0	0	0	0	0	0	0	0	0	0	0	0	0	0
4344610	11.5	0	0	0	0	0	0	0	4	0	0	0	10	0	0	0	0	0	0	0	0	0	9	0	0	0	0	0	0	7	0	0	19.5	10	0	4	0	9.5	0	0	5.5	0	0	15	0	0	0	0	5	0	0	0	0	0	0	0	0	0	0	0	0	0	0	0	7	0	0	0
279568	0	0	0	0	0	10	0	22	0	0	0	0	0	0	0	11	17	21	0	0	0	0	0	0	0	0	12	0	0	18	0	0	0	0	0	0	0	16	0	0	0	0	0	0	0	0	0	0	0	0	0	0	0	0	0	0	0	0	8	23	0	0	0	0	0	0	0	0
2505304	0	10.5	0	0	0	0	0	0	0	12	16.5	5	9	0	0	0	0	11	0	10	0	0	0	0	0	0	0	0	0	0	0	0	0	0	0	0	0	0	0	0	0	0	0	0	0	0	0	0	0	0	0	0	0	0	0	0	0	0	0	0	0	0	0	0	0	0	0	0
221319	0	0	0	0	0	0	6.66666666666667	0	6	0	0	0	0	0	0	0	0	0	0	0	0	0	0	0	0	0	0	0	0	0	0	0	0	0	0	0	0	0	0	0	5.66666666666667	0	0	0	0	7	0	0	0	0	0	0	0	0	0	0	0	0	0	0	0	0	4.66666666666667	0	0	0	0	0
4443102	0	0	0	0	0	0	0	0	0	0	0	1.33333333333333	0	0	0	0	0	0	0	0	0	0	0	0	0	7.66666666666667	8.33333333333333	0	0	6.33333333333333	0	0	0	0	0	0	0	3.66666666666667	0	0	0	0	0	0	0	0	0	8.33333333333333	0	0	0	0	0	0	0	0	0	0	0	0	5.66666666666667	0	0	0	5.66666666666667	0	0	0
4360001	0	0	0	17	0	0	0	0	0	0	0	0	0	0	0	0	0	0	0	0	0	0	0	0	0	0	0	0	0	0	0	0	0	0	0	0	0	0	0	0	0	0	0	0	0	0	0	0	0	0	0	0	0	0	0	0	0	0	0	0	0	9.5	0	16.5	0	0	0	0
247143	0	0	0	0	0	0	0	0	0	0	0	0	0	0	0	0	0	0	0	0	0	0	0	0	0	16.5	22.5	0	0	0	0	0	0	0	0	0	0	0	0	0	0	0	0	0	0	0	0	3.5	0	0	0	0	0	0	0	0	0	0	0	0	0	0	0	0	0	0	0	0
902698	0	0	0	0	0	0	0	0	0	0	0	0	0	0	0	0	0	0	0	0	0	0	0	0	0	0	0	0	0	0	0	0	0	0	0	0	28	0	0	0	0	0	0	0	0	0	0	0	0	0	0	0	0	0	0	4.5	4	8	0	0	0	0	0	0	0	0	0	0
1024428	0	0	0	0	0	0	0	0	0	0	0	0	0	0	0	0	0	0	0	0	0	0	0	0	0	16.5	23	0	0	0	0	0	0	0	0	0	0	0	0	0	0	0	0	0	0	0	0	0	0	0	0	0	0	0	0	0	0	0	0	0	0	0	0	0	0	0	0	0
260863	0	0	0	0	0	0	0	0	0	0	0	0	0	0	0	0	0	0	0	0	0	0	0	0	0	15.3333333333333	10.6666666666667	0	0	0	0	0	0	0	0	0	0	0	0	0	0	0	0	0	0	0	0	0	0	0	0	0	0	0	0	0	0	0	0	0	0	0	0	0	0	0	0	0
219098	0	0	3.5	0	0	2	0	0	0	0	0	1	2	0	0	0	0	3.5	3.5	0	0	0	0	0	0	0	0	0	0	4	0	1.5	1	0	0	0	0	0	0	0	0	0	4.5	9.5	0	0	0	0	4.5	4	3	0	5	0	0	0	0	0	0	7.5	0	0	0	2.5	0	0	0	0
784752	0	0	0	0	0	0	0	0	0	0	0	0	0	0	0	2	0	0	0	0	2.5	1.16666666666667	5.16666666666667	0	0	0	0	0	0	0	0	0	0	0	0	0	0	0	0	0	0	0	0	0	0	0	0	0	2	0	0	0	0	0	0	0	0	0	0	0	0	0	0	0	0	0	0	0
1109749	0	2.5	0	0	0	0	0	0	0	0	0	4.5	0	0	0	0	0	0	8.5	0	0	0	0	0	0	0	0	14.5	0	9.5	0	0	0	0	0	0	0	0	4	0	0	0	0	0	0	0	0	0	1.5	5	0	0	0	0	0	0	0	0	0	0	0	0	0	7	0	0	0	0
106999	0	0	4	0	5	0	0	0	0	0	0	0	0	0	8.5	0	0	0	0	0	0	0	0	0	0	8	0	0	0	0	0	0	0	13.5	5.5	0	14.5	0	0	0	0	0	0	0	0	0	7.5	9.5	0	0	0	0	0	0	7.5	0	0	0	0	0	12.5	0	0	0	5.5	0	0	0
56268	0	0	0	0	0	0	0	0	3.6	0	0	0	0	0	0	0	0	0	0	0	0	0	0	0	1.6	2.4	9	0	0	0	0	0	0	0	0	0	0	0	0	0	0	0	0	0	0	0	0	0	0	0	0	0	0	0	0	0	0	0	0	0	0	0	0	0	0	0	0	0
113476	0	7.5	0	0	0	0	0	0	0	0	0	0	0	0	0	6.5	0	0	0	0	0	0	0	0	0	11	0	0	0	0	0	0	0	1.5	0	0	0	0	0	7.5	0	0	0	0	0	0	0	0	0	9	0	0	0	0	0	0	0	0	0	0	0	0	0	0	0	0	0	0
245321	0	0	0	0	12	0	16	0	0	0	0	0	0	0	0	0	0	0	0	0	0	0	0	0	0	0	0	0	0	0	0	0	0	0	0	0	0	0	0	0	0	0	0	0	0	6.5	0	0	0	0	7.5	0	0	0	0	0	0	0	0	0	0	0	0	0	0	0	0	0
129479	0	0	0	0	0	0	0	0	8	0	0	12	0	0	0	0	14	0	0	0	0	0	0	0	1	18	10	0	0	0	0	0	0	0	0	0	0	0	0	0	0	0	0	0	0	0	0	0	0	0	0	0	0	0	0	0	0	6	0	0	0	0	0	0	0	0	0	0
4433654	0	0	0	0	0	0	0	0	0	0	0	0	0	0	0	0	20	0	0	0	0	0	0	0	0	0	49	0	0	0	0	0	0	0	0	0	0	0	0	0	0	0	0	0	0	0	0	0	0	0	0	0	0	0	0	0	0	0	0	0	0	0	0	0	0	0	0	0
4327003	0	0	4	0	0	0	0	0	9.5	0	0	0	0	0	0	0	0	0	0	0	0	0	6	0	0	0	0	10.5	0	8	0	0	0	0	0	0	0	0	0	0	0	0	0	11	0	0	0	0	0	0	0	0	0	0	0	0	0	0	0	0	0	0	0	0	0	0	0	0
565577	0	0	0	0	0	0	0	0	0	0	0	0	0	0	0	0	0	0	0	12.5	0	0	0	0	0	0	0	0	0	0	0	0	0	0	0	0	0	0	0	0	0	0	0	12	0	0	0	0	0	0	0	0	8.5	0	0	0	0	0	0	0	0	0	0	0	0	0	0	0
47141	0	0	0	0	0	0	0	0	0	0	0	0	0	0	0	0	0	0	0	0	0	0	0	0	0	35	0	0	0	0	0	0	0	0	0	0	0	0	0	0	0	0	0	0	0	0	0	0	0	0	0	0	0	0	10	21	0	17	0	0	0	0	0	0	0	0	0	0
3708848	0	0	0	0	0	0	0	0	0	0	0	0	0	0	0	0	0	0	0	0	0	0	0	0	0	0	0	0	0	0	0	0	0	0	0	0	0	0	0	0	0	0	0	0	0	0	0	0	0	0	24.5	7	0	0	0	0	0	0	0	0	0	0	0	0	0	0	0	0
3740304	0	0	0	0	0	0	0	0	0	0	0	0	0	5	7	0	18.5	0	0	0	0	0	0	0	0	0	0	0	0	0	0	0	0	0	0	0	0	0	0	0	0	0	0	0	0	0	0	0	0	0	0	0	0	0	0	0	0	0	0	0	0	0	0	0	0	0	0	0
632360	0	0	0	0	7.16666666666667	0	0	0	0	0	0	0	0	2.16666666666667	1.83333333333333	0	0	0	0	0	0	0	0	0	0	0	0	0	0	0	0	0	0	0	0	0	0	0	0	0	0	0	0	1.83333333333333	2.66666666666667	0	2.16666666666667	1.5	0	0	0	0	0	0	0	0	0	0	0	0	0	0	0	0	0	0	0	0
4392043	0	0	0	0	0	0	0	0	0	0	0	0	0	0	0	0	0	0	0	0	0	0	0	0	0	0	0	0	0	0	0	0	0	0	0	0	0	0	19.3333333333333	0	0	0	0	0	0	0	0	0	0	0	0	0	0	0	0	0	0	0	0	0	0	0	0	0	0	0	0	0
1919158	0	0	0	0	0	0	0	0	0	0	0	0	0	0	0	0	4.5	0	0	0	0	0	0	0	0	10.5	18	0	0	0	0	0	0	0	0	0	0	0	0	0	0	0	0	0	0	0	0	0	0	0	0	0	0	0	2	0	0	0	0	0	0	0	0	0	4	0	0	0
1067865	0	0	0	0	0	0	0	0	0	0	0	0	0	0	0	0	0	0	0	3.16666666666667	0	0	0	0	0	0	0	0	0	0	0	3.33333333333333	0	0	0	0	0	0	0	0	0	0	0	0	0	0	0	3	0	0	0	0	0	0	0	0	0	0	0	0	0	0	0	0	0	0	0	0
4475423	0	0	0	0	0	0	0	0	0	0	0	0	9	0	0	0	0	0	0	0	0	6	0	0	0	0	2	0	0	0	0	0	0	0	0	0	0	3	0	0	0	0	0	0	0	0	0	0	13	0	0	0	0	0	0	1	3	0	14	0	4	0	0	0	0	0	0	0
721902	0	0	0	0	0	0	0	0	0	0	0	0	0	0	0	11.75	0	0	0	0	0	0	0	0	0	0	0	0	0	2	0	0	0	0	0	0	0	0	0	0	0	0	0	0	0	0	0	0	0	0	0	0	0	0	0	0	0	0	0	0	0	0	0	0	0	0	0	0
929178	0	0.333333333333333	0.333333333333333	2.83333333333333	0.5	0	0	0	0	0	0	0	0	1.5	0	1.5	0	0	0	0	0	0	0	0.5	0	0	0	0	0	0	0	0	0	0	0	0	1.83333333333333	0	2.66666666666667	2	0.333333333333333	0.666666666666667	0	1.33333333333333	0	0	0	0	0	0	0	0	0	0	0	0	0	0	0	0	0	0	0	0.666666666666667	0	0	0	0
1107464	0	0	0	0	0	0	0	0	10	0	0	0	0	0	0	0	0	0	0	0	0	4.5	0	0	0	0	0	7	0	7.5	0	0	0	0	0	0	0	8.5	0	0	0	0	0	0	13.5	9	10	0	0	0	0	0	0	0	0	0	0	0	0	0	0	0	0	0	0	0	0	0
227011	0	0	0	0	0	0	3	0	0	0	0	0	0	0	0	0	0	0	0	0	0	4	3	0	0	0	0	0	0	6	0	0	0	0	0	0	15	0	0	0	0	0	0	0	0	0	0	0	0	0	0	0	0	0	1	3	6	11	0	0	0	0	0	0	2	0	0	0
738462	0	0	0	0	0	0	6.5	0	0	0	0	0	0	0	0	0	0	0	0	0	0	0	0	0	3	0	0	0	0	9.5	0	0	0	0	0	0	0	0	0	0	0	0	0	0	0	0	0	0	0	6.5	0	0	0	0	0	0	0	0	0	0	0	0	0	0	9.5	0	0	0
254262	0	0	0	0	0	0	0	0	0	0	0	0	0	0	0	0	0	0	0	0	0	0	0	0	0	16.5	9	0	0	0	0	0	0	0	0	0	0	0	0	0	0	0	0	0	0	0	0	0	0	0	0	0	0	0	0	0	0	0	0	0	0	0	0	0	0	0	0	0
4362725	0	0	0	0	0	0	0	0	0	0	0	0	0	0	4	4.33333333333333	0	0	0	0	0	0	0	0	0	0	0	0	0	0	0	0	0	0	0	0	0	0	0	0	0	0	0	0	0	0	0	0	0	0	0	0	0	0	0	0	0	0	0	0	0	0	0	0	0	0	0	0
558406	0	0	0	0	0	0	0	0	0	0	0	0	0	7.83333333333333	0	0	0	0	0	0	0	0	0	0	0	0	0	0	0	0	0	0	0	0	0	0	0	0	0	0	0	0	0	0	0	0	0	0	0	0	0	0	0	0	0	0	0	0	0	0	0	0	0	0	0	0	0	0
4345606	0	0	0	0	0	6	0	0	23	0	7	0	0	0	0	0	0	0	0	0	0	0	0	0	0	0	0	0	0	0	0	0	0	0	0	0	0	0	0	0	0	0	0	0	0	0	0	0	0	0	0	0	0	0	0	0	0	0	0	0	0	0	0	0	0	0	0	0
279017	0	0	0	0	0	0	0	0	0	0	0	0	0	0	0	0	3.5	0	0	0	0	7	0	0	0	9.5	4	0	0	0	0	0	0	0	0	0	2.5	0	0	0	0	0	0	0	0	0	0	0	2.5	0	0	0	0	0	4	5	8	0	0	5	6.5	0	0	0	0	0	0	0
832619	0	0	0	0	0	0	0	0	0	0	0	0	0	0	0	0	0	0	0	0	0	0	0	0	0	5	10	0	0	0	0	0	0	0	0	0	0	0	0	0	0	0	0	0	0	0	0	0	0	0	0	0	0	0	0	0	0	0	0	0	0	0	0	0	0	0	0	0
4450317	0	0	0	0	0	0	0	0	3	0	0	0.333333333333333	0	0	0	0	0	0	0	0	0	3.33333333333333	0	0	0	0	0	0	0	0.333333333333333	0	0	0	0	0	0	0	0	0	0	0	0	0	0	0	0	0	0	0	0	0	0	0	0	0	5.66666666666667	0	0	0	0	1.66666666666667	0	0	0	0.333333333333333	0	0	0
238898	0	0	0	0	0	0	0	0	0	0	0	0	0	0	0	9.16666666666667	1.5	0	0	0	0	0	0	0	0	0	0	0	0	0	0	0	0	0	0	0	0	0	0	0	0	0	0	0	0	0	0	0	0	0	0	0	0	0	0	0	0	0	0	0	0	2.5	0	0	0	0	0	0
4374730	0	0	0	0	0	0	3	0	0	0	0	0	0	0	0	0	0	0	0	0	0	4	2	0	0	0	0	0	0	10	0	0	0	0	0	0	0	0	0	0	1	0	0	0	0	0	0	0	0	0	0	0	0	0	3	9	0	11	0	0	0	0	0	0	0	0	0	0
1109706	0	0	0	0	0	0	0	0	0	0	0	0	0	0	8	0	6	0	0	0	0	0	0	0	0	0	0	0	0	0	0	0	0	0	0	0	0	0	0	0	0	0	0	0	0	0	0	0	0	0	0	0	0	0	0	0	0	0	0	0	0	0	0	0	0	0	0	0
4381769	0	0	3	0	0	0	0	0	0	0	0	0	0	0	0	0	0	0	0	6.5	0	0	0	0	0	0	0	0	0	0	0	0	0	12.5	0	0	0	0	8.5	5	0	0	0	8.5	0	0	0	0	0	0	0	0	0	0	0	0	0	0	0	0	0	0	0	0	0	0	0	0
721703	5	0	0	0	0	0	0	0.333333333333333	0	0	0	0	0	0	2.33333333333333	0	5.33333333333333	0	0	0	0	0	0	0	0	0.333333333333333	0	0	0	0	0	0	0	0	0	0	0	0	0	0	0	0	0	0	0	0	0	0.333333333333333	0	0	0	0	0	0	0	0	0	0	0	0	0	0	0	0	0	0	0	0
793362	0	0	0	0	0	0	0	0	0	0	0	0	0	0	3.22222222222222	0	1.44444444444444	0	0	0	0	0	0	0	0	0	0	0	0	0	0	0	0	0	0	0	2	0	0	0.888888888888889	0	0	0	0	0	0	0	0	0	0	0	0	0	0	0	0	0	0	0	0.444444444444444	0	0	0	0	0	0	0	0
4306683	0	0	0	0	0	0	0	0	0	0	0	0	0	0	0	0	0	0	0	0	0	0	0	0	0	0	20.5	0	0	0	0	0	0	0	0	0	0	0	0	0	0	0	0	0	0	0	0	0	0	0	0	0	0	0	0	0	0	0	0	0	0	0	0	0	0	0	0	0
257891	5.5	0	0	0	0	0	0	0	0	0	0	0	0	0	0	0	0	0	0	0	0	0	0	0	0	0	0	4	2	0	0	0	0	0	0	0	0	0	0	0	0	0	0	0	0	0	0	0	5	0	0	0	0	0	0	0	0	0	3.5	0	0	0	0	0	0	0	0	0
242818	0	0	0	0	0	0	0	0	0	0	0	0	0	12.8333333333333	0	0	0	0	0	0	0	0	0	0	0	0	0	0	0	0	0	0	0	0	0	0	0	0	0	0	0	0	0	0	0	0	0	0	0	0	0	0	0	0	0	0	0	0	0	0	0	0	0	0	0	0	0	0
1010753	0	0	0	0	0	0	0	0	0	0	0	0	0	0	0	3.33333333333333	0	0	0	0	0	0	0	0	0	0	0	0	0	0	0	0	0	0	0	0	0	0	0	0	0	0	0	0	0	0	0	0	0	0	0	0	0	0	0	0	0	0	0	0	0	0	0	0	0	0	0	0
1104742	0	0	0	0	0	0	0	0	7	0	0	0	0	0	0	0	2.5	0	0	0	0	3	0	0	16.5	6	12	0	0	0	0	0	0	0	0	0	0	0	0	0	0	0	0	0	0	10.5	0	11	0	0	0	0	0	0	0	0	0	3.5	0	0	0	0	0	0	0	0	0	0
820440	0	0	0	0	0	0	0	0	0	0	0	0	0	0	0	0	0	0	0	0	0	0	0	0	0	0	0	0	0	0	0	0	0	20	0	0	0	0	0	0	0	0	0	0	0	0	0	0	0	0	0	0	0	0	0	0	0	0	0	0	0	0	0	0	0	0	0	0
160195	0	0	0	0	0	0	0	0	0	0	0	0	0	0	0	0	0	0	0	0	0	0	0	0	0	0	0	0	0	0	0	0	0	0	0	0	26	14	0	0	0	0	0	0	0	0	0	0	0	0	0	0	0	0	0	0	0	0	0	0	0	0	0	0	0	0	0	0
4430939	0	0	0	0	0	0	0	0	0	0	0	0	0	0	16	0	8	0	0	0	0	0	0	0	5	0	6.5	0	0	0	0	0	0	0	0	0	0	0	0	0	0	0	0	0	0	0	0	0	0	0	0	0	0	0	0	0	0	0	0	0	0	0	0	0	0	0	0	0
817863	0	0	0	0	0	0	0	0	0	0	0	0	0	0	6.5	0	0	0	0	0	0	0	0	0	13	0	0	0	0	0	0	0	0	0	0	0	0	0	0	0	0	0	0	0	0	0	0	0	0	0	0	0	0	0	0	0	0	0	0	0	0	0	0	0	0	0	0	0
4307209	0	0	0	0	0	0	0	0	0	0	0	0	0	0	0	0	0	0	0	0	0	3	0	0	0	0	0	0	0	0	0	0	0	3.5	0	0	3	6.5	0	0	0	0	0	0	0	0	3.5	0	0	0	0	0	0	0	0	0	0	0	0	0	0	0	0	0	0	0	0	0
611768	0	0	0	0	0	0	0	0	0	0	0	0	0	0	5	0	0	0	0	0	0	0	0	0	0	2.5	3.25	0	0	0	0	0	0	0	0	0	0	1.75	0	0	0	0	0	0	0	0	0	0	0	0	0	0	0	0	0	0	0	0	0	0	0	0	0	0	0	0	0	0
322726	0	0	0	0	0	0	0	0	0	0	0	0	0	0	0	0	0	0	0	0	0	0	0	0	0	0	0	0	0	0	0	7.4	0	0	0	0	0	0	0	0	0	0	0	0	0	0	0	0	0	0	0	0	0	0	0	0	0	0	0	0	0	0	0	0	0	0	0	0
2750878	0	0	0	0	0	0	0	0	0	0	0	0	0	0	0	0	0	0	0	0	0	0	0	0	0	0	0	0	0	0	0	0	0	0	0	0	0	0	6.16666666666667	0	0	0	0	0	0	0	0	0	0	0	0	0	0	0	0	0	0	0	0	0	0	0	0	0	0	0	0	0
1105090	0	0	0	0	0	0	0	0	0	0	0	0	0	0	0	0	0	0	0	0	0	0	0	0	0	0	0	0	0	0	0	0	0	0	0	0	0	0	0	0	0	0	0	0	0	0	0	0	0	0	0	0	0	0	0	0	0	0	0	7	5.33333333333333	0	0	0	0	0	0	0
678943	0	0	0	0	0	0	0	0	0	0	0	0	0	0	0	8	0	0	0	0	0	0	0	0	0	0	0	0	0	0	0	0	0	0	0	0	0	0	0	0	0	0	0	0	0	0	0	0	0	0	0	0	0	0	0	0	0	0	0	0	0	0	0	10	0	0	0	0
4329539	0	0	0	0	0	0	0	0	0	0	0	0	0	0	0	0	0	0	0	0	0	0	0	0	15	10	6	0	0	0	0	0	0	0	0	0	0	0	0	0	0	0	0	0	0	0	0	11	0	0	0	0	0	0	0	0	0	0	0	0	0	0	0	0	4	0	0	0
144255	0	0	0	0	0	0	0	0	0	0	0	0	0	0	0	0	0	0	0	0	0	0	0	0	0	0	0	0	0	0	0	0	0	0	0	0	0	9	0	0	0	0	0	0	0	0	0	0	0	0	0	0	0	0	0	0	0	0	0	0	0	0	0	0	0	0	0	0
499198	0	0	0	0	0	0	0	0	0	2.5	1.25	5	0	0	0	0	0	0	0	0	0	0	0	0	0	0	0	0	0	0	0	0	0	0	0	0	0	0	0	0	0	0	0	0	0	0	0	0	0	0	0	0	0	0	0	0	0	0	0	0	0	0	0	0	0	0	0	0
570504	0	0	0	0	0	0	0	0	0	0	0	0	0	0	0	0	17.5	0	0	0	0	0	0	0	0	0	0	0	0	0	0	0	0	0	0	0	0	0	0	0	0	0	0	0	0	0	0	0	0	0	0	0	0	0	0	0	0	0	0	0	0	0	0	0	0	0	0	0
227174	0	0	0	0	0	0	0	0	0	0	0	0	0	0	0	0	0	0	0	0	0	0	0	0	0	0	0	0	0	0	0	0	0	0	0	0	1	6	0	0	2	0	2.5	0	0	0	6	0	0	0	0	0	0	0	0	0	0	0	0	0	0	0	0	0	0	0	0	0
676106	0	0	0	0	0	15	10	0	0	0	0	0	0	0	0	0	0	0	0	0	0	0	0	10	0	0	0	0	0	0	0	0	0	0	0	0	0	15	0	0	0	0	0	0	0	0	0	0	0	0	0	0	0	0	0	8	0	0	0	0	0	0	0	0	0	0	0	0
4480595	0	0	0	0	0	0	0	0	0	0	0	0	0	0	0	0	0	0	0	0	0	0	0	0	0	0	16.5	0	0	0	0	0	0	0	0	0	0	0	0	0	0	0	0	0	0	0	0	0	0	0	0	0	0	0	0	0	0	0	0	0	0	0	0	0	0	0	0	0
1136382	0	0	0	0	0	0	0	0	0	0	0	0	0	0	0	0	0	0	0	0	0	0	0	0	0	0	0	0	3	0	0	0	0	0	0	0	0	0	0	0	0	0	0	2.5	0	0	0	0	0	0	0	0	0	0	0	0	0	0	0	0	0	0	0	0	0	0	0	0
538655	0	0	0	0	0	0	0	0	0	0	0	0	0	0	0	0	5.16666666666667	0	0	0	0	0	0	0	0	0	0	0	0	0	0	0	0	0	0	0	0	0	0	0	0	0	0	0	0	0	0	0	0	0	0	0	0	0	0	0	0	0	0	0	0	0	0	0	0	0	0	0
962385	0	0	0	0	0	0	0	0	0	0	0	0	0	0	0	0	0	0	0	0	0	0	0	0	1.5	4.5	6.5	0	0	0	0	0	0	0	0	0	0	0	0	0	0	0	0	0	0	0	0	3	0	0	0	0	0	0	0	0	0	0	0	0	0	0	0	0	0	0	0	0
789506	0	0	0	0	0	0	0	0	0	0	0	0	0	0	0	0	0	0	0	0	0	20	0	0	0	0	0	0	0	0	0	0	0	0	0	0	12	0	0	0	0	0	0	0	0	0	0	0	0	0	0	0	0	0	0	0	0	0	0	0	0	0	0	0	0	0	0	0
4393400	0	0	0	0	0	0	0	0	0	0	0	0	0	0	0	0	0	0	0	0	0	0	0	0	0	0.666666666666667	0	0	0	0	0	0	0	0	0	0	0	0	0	0	0	0	0	0	0	0	0	0	0	0	0	0	2.16666666666667	0	0	0	0	0	0	1.83333333333333	0.166666666666667	0	0	0	0	0	0	0
1010147	0	0	0	0	0	0	0	0	0	0	0	0	0	0	11.5	0	10	0	0	0	0	0	0	0	0	0	0	0	0	0	0	0	0	0	0	0	0	7.5	0	0	0	0	0	0	0	0	0	0	0	0	0	0	0	0	0	0	0	0	0	0	0	0	0	0	0	0	0	0
1136590	0	0	0	0	0	0	0	0	0	0	0	0	0	0	0	4.5	0	0	0	0	0	0	0	0	0	0	0	0	0	0	0	0	0	0	0	0	0	0	0	0	0	0	0	0	0	0	0	0	0	0	0	0	0	0	0	0	0	0	0	0	0	0	0	0	0	0	0	0
12776	0	0	0	0	0	0	0	0	0	0	0	1.5	0	0	0	0	0	0	0	0	0	0	0	0	0	13.5	0	0	0	0	0	0	0	0	0	0	0	0	0	0	0	0	0	0	0	0	0	0	0	0	0	0	0	0	0	0	0	0	0	0	0	0	0	0	0	0	0	0
1939006	0	0	0	0	0	0	0	8	0	0	0	0	0	0	0	3.66666666666667	0	0	0	0	0	0	0	0	0	0	0	6	0	5	0	0	0	0	0	0	0	0	0	0	0	0	0	2	0	0	2.66666666666667	0	0	0	0	0	0	0	0	0	0	0	0	0	0	0	0	0	0	0	0	0
894047	0	0	0	0	0	0	0	0	0	0	0	0	0	0	0	0	0	0	0	0	0	0	0	0	0	13	0	0	0	0	0	0	0	0	0	0	0	0	0	0	0	0	0	0	0	0	0	0	0	0	0	0	0	0	0	0	0	0	0	0	0	0	0	0	0	0	0	0
193311	0	0	0	0	0	0	0	0	0	0	0	0	0	0	0	0	0	0	0	0	0	0	0	0	0	0	0	0	0	0	4.33333333333333	0	0	0	0	0	0	0	0	0	0	0	0	0	0	0	0	0	0	0	0	0	0	0	0	0	0	0	0	0	0	0	0	0	0	0	0	0
222207	0	0	0	0	0	0	0	0	3	0	0	0	0	0	0	0	0	0	0	0	0	0	0	0	4	0	0	0	0	0	0	0	0	0	0	0	0	5	0	0	0	0	0	0	0	0	0	6	0	0	0	0	0	0	0	0	1.5	0	0	0	3	0	0	0	0	0	0	0
1110523	0	0	0	0	0	0	0	0	0	0	0	0	0	6.5	0	0	0	0	0	0	0	0	0	0	0	0	0	0	0	0	0	0	0	0	0	0	0	0	0	0	0	0	0	0	0	6	0	0	0	0	0	0	0	0	0	0	0	0	0	0	0	0	0	0	0	0	0	0
4319933	0	0	0	0	0	0	0	0	0	0	0	0	0	0	0	0	0	0	0	0	0	0	0	0	0	12.5	0	0	0	0	0	0	0	0	0	0	0	0	0	0	0	0	0	0	0	0	0	0	0	0	0	0	0	0	0	0	0	0	0	0	0	0	0	0	0	0	0	0
142684	0	0	0	0	0	0	0	0	0	0	0	0	0	0	0	0	0	0	0	0	0	0	0	0	0	6.25	0	0	0	0	0	0	0	0	0	0	0	0	0	0	0	0	0	0	0	0	0	0	0	0	0	0	0	0	0	0	0	0	0	0	0	0	0	0	0	0	0	0
1138620	0	0	0	0	0	0	0	0	0	0	0	0	0	0	0	0	0	0	0	0	0	0	0	0	0	3.66666666666667	4.66666666666667	0	0	0	0	0	0	0	0	0	0	0	0	0	0	0	0	0	0	0	0	0	0	0	0	0	0	0	0	0	0	0	0	0	0	0	0	0	0	0	0	0
153442	0	0	0	0	0	0	0	0	0	0	0	0	0	0	0	0	0	0	0	0	0	24	0	0	0	0	0	0	0	0	0	0	0	0	0	0	20	0	0	0	0	0	0	0	0	0	0	0	0	0	0	0	0	0	0	0	0	0	0	0	0	0	0	0	0	0	0	0
205592	0	0	0	0	0	0	0	0	0	0	0	0	0	3.66666666666667	4	0	0	0	0	0	0	0	0	0	0	0	0	0	0	0	0	0	0	0	0	0	0	0	0	0	0	0	0	0	0	0	0	0	0	0	0	0	0	0	0	0	0	0	0	0	0	0	0	0	0	0	0	0
859313	0	0	0	0	0	0	0	0	0	0	0	0	0	0	0	0	0	0	0	0	0	0	0	0	0	11.5	0	0	0	0	0	0	0	0	0	0	0	0	0	0	0	0	0	0	0	0	0	0	0	0	0	0	0	0	0	0	0	0	0	0	0	0	0	0	0	0	0	0
333262	0	0	0	0	0	0	0	0	0	0	0	0	0	0	0	0	0	0	0	0	0	0	0	0	0	7.66666666666667	0	0	0	0	0	0	0	0	0	0	0	0	0	0	0	0	0	0	0	0	0	0	0	0	0	0	0	0	0	0	0	0	0	0	0	0	0	0	0	0	0	0
1051863	0	0	0	0	0	0	0	0	0	0	0	0	0	0	0	0	0	0	0	0	0	0	0	0	0	5.75	0	0	0	0	0	0	0	0	0	0	0	0	0	0	0	0	0	0	0	0	0	0	0	0	0	0	0	0	0	0	0	0	0	0	0	0	0	0	0	0	0	0
704200	0	0	0	0	0	0	0	0	0	0	0	0	0	0	0	0	0	0	0	0	0	0	0	0	0	0	0	0	0	0	0	0	0	0	0	0	0	3.83333333333333	0	0	0	0	0	0	0	0	0	0	0	0	0	0	0	0	0	0	0	0	0	0	0	0	0	0	0	0	0	0
153644	0	0	0	0	0	0	0	0	0	0	0	0	0	0	0	7.33333333333333	0	0	0	0	0	0	0	0	0	0	0	0	0	0	0	0	0	0	0	0	0	0	0	0	0	0	0	0	0	0	0	0	0	0	0	0	0	0	0	0	0	0	0	0	0	0	0	0	0	0	0	0
1146288	0	0	0	0	0	0	0	0	0	0	0	0	0	0	0	0	5.5	0	0	0	0	0	0	0	0	0	0	0	0	0	0	0	0	0	0	0	0	0	0	0	0	0	0	0	0	0	0	0	0	0	0	0	0	0	0	0	0	0	0	0	0	0	0	4	0	0	0	0
188950	0	0	0	0	0	0	0	0	0	0	0	0	0	0	0	0	0	0	0	0	0	0	1.66666666666667	0	0	0	0	2	0	0	0	0	0	0	0	0	0	0	0	0	0	0	0	0	0	0	0	0	0	0	0	0	0	0	0	0	0	0	0	0	0	0	0	0	0	0	0	0
243109	0	0	0	0	0	0	0	0	0	0	0	0	0	0	0	0	0	0	0	0	0	0	0	0	0	4	7	0	0	0	0	0	0	0	0	0	0	0	0	0	0	0	0	0	0	0	0	0	0	0	0	0	0	0	0	0	0	0	0	0	0	0	0	0	0	0	0	0
1119941	0	0	0	0	0	0	0	0	0	0	0	0	0	0	0	0	0	0	0	0	0	0	0	0	0	0	3.66666666666667	0	0	0	0	0	0	0	0	0	0	0	0	0	0	0	0	0	0	0	0	0	0	0	0	0	0	0	0	0	0	0	0	0	0	0	0	0	0	0	0	0
4470500	0	0	0	0	0	0	0	0	0	0	0	0	0	0	0	0	0	0	0	0	0	0	0	0	0	0	0	0	0	0	0	0	0	5.5	0	0	0	0	0	0	0	0	0	0	0	0	0	0	0	0	0	0	0	0	0	0	0	0	0	0	0	0	0	0	0	0	0	0
230108	0	0	0	0	0	0	0	0	0	0	0	0	0	0	0	1.66666666666667	0	0	0	0	0	0	0	0	0	0	0	0	0	0	0	0	0	0	0	0	5	0	0	0	0	0	0	0	0	0	0	0	0	0	0	0	0	0	0	0	0	0	0	2.33333333333333	0	0	0	0	0	0	0	0
437481	0	0	0	0	0	0	0	0	0	0	0	0	0	0	0	0	0	0	0	0	0	0	0	0	0	0	0	0	0	0	0	0	0	0	0	0	0	0	0	3	0	0	0	0	0	0	0	0	0	0	0	0	0	0	0	0	3.5	2	0	0	2.5	0	0	0	0	0	0	0
146396	0	0	0	0	0	0	0	0	0	0	0	7	0	0	0	0	0	0	0	0	0	0	0	0	0	0	0	0	0	0	0	0	0	0	0	0	0	0	0	0	0	0	0	0	0	0	0	0	0	0	0	0	0	0	0	0	0	0	0	4.66666666666667	0	0	0	0	0	0	0	0
143867	0	0	0	0	0	0	0	0	0	0	0	0	0	0	0	0	0	0	0	0	0	0	0	0	0	5.5	5	0	0	0	0	0	0	0	0	0	0	0	0	0	0	0	0	0	0	0	0	0	0	0	0	0	0	0	0	0	0	0	0	0	2.5	0	0	0	0	0	0	0
675373	0	0	0	0	0	0	0	0	0	0	0	0	0	0	0	0	0	0	0	0	0	0	0	0	0	0	0	0	0	0	0	0	0	0	0	0	0	0	0	0	0	0	0	0	0	0	0	0	0	0	6.5	0	4	0	0	0	0	0	0	0	0	0	0	0	0	0	0	0
4303354	0	0	0	0	0	0	0	0	0	0	0	0	0	0	0	0	0	0	0	0	0	0	0	0	0	0	0	0	0	0	0	0	0	0	0	0	0	0	0	0	0	0	0	0	0	0	0	0	0	0	0	0	0	0	0	0	0	0	0	0	3.5	0	0	0	0	0	0	0
413173	0	0	0	0	0	0	0	0	0	0	0	0	0	0	0	0	0	0	0	0	0	0	0	0	0	8	0	0	0	0	0	0	0	0	0	0	0	0	0	0	0	0	0	0	0	0	0	0	0	0	0	0	0	0	0	0	0	0	0	0	0	0	0	0	0	2	0	0
359864	0	0	0	0	0	0	0	0	0	0	0	0	0	0	0	0	0	0	0	0	0	0	0	0	0	0	6.66666666666667	0	0	0	0	0	0	0	0	0	0	0	0	0	0	0	0	0	0	0	0	0	0	0	0	0	0	0	0	0	0	0	0	0	0	0	0	0	0	0	0	0
3266281	0	0	0	0	0	0	0	0	0	0	0	0	0	0	0	0	0	0	0	0	0	0	0	0	0	0	0	0	0	10	0	0	0	0	0	0	0	0	0	0	0	0	0	0	0	0	0	0	0	0	0	0	0	0	0	0	0	0	0	0	0	0	0	0	0	0	0	0
712899	0	0	0	0	0	0	0	0	0	0	0	0	0	0	0	0	19	0	0	0	0	0	0	0	0	0	0	0	0	0	0	0	0	0	0	0	0	0	0	0	0	0	0	0	0	0	0	0	0	0	0	0	0	0	0	0	0	0	0	0	0	0	0	0	0	0	0	0
4427396	0	0	0	0	0	0	0	0	0	0	0	0	0	0	0	0	0	0	0	0	0	0	0	0	0	19	0	0	0	0	0	0	0	0	0	0	0	0	0	0	0	0	0	0	0	15	0	0	0	0	0	0	0	0	0	0	0	0	0	0	0	0	0	0	0	0	0	0
2618782	0	0	0	0	0	0	0	0	0	0	0	0	0	0	0	0	0	0	0	0	0	0	0	0	0	19	11	0	0	0	0	0	0	0	0	0	0	0	0	0	0	0	0	0	0	0	0	0	0	0	0	0	0	0	0	0	0	0	0	0	0	0	0	0	0	0	0	0
778968	0	0	0	0	0	0	0	0	0	0	0	0	0	0	0	0	0	0	0	0	0	0	0	0	0	4.5	5	0	0	0	0	0	0	0	0	0	0	0	0	0	0	0	0	0	0	0	0	0	0	0	0	0	0	0	0	0	0	0	0	0	0	0	0	0	0	0	0	0
3913709	0	0	0	0	0	0	0	0	0	0	0	0	0	0	0	0	0	0	0	0	0	0	0	0	0	0	0	0	0	0	0	0	0	0	0	0	6.33333333333333	0	0	0	0	0	0	0	0	0	0	0	0	0	0	0	0	0	0	0	0	0	0	0	0	0	0	0	0	0	0	0
818589	0	0	0	0	0	0	0	0	0	0	0	0	0	0	0	0	0	0	0	0	0	0	0	0	0	0	0	0	0	0	0	0	0	0	0	0	19	0	0	0	0	0	0	0	0	0	0	0	0	0	0	0	0	0	0	0	0	0	0	0	0	0	0	0	0	0	0	0
102034	0	0	0	0	0	0	0	0	0	0	0	0	0	0	0	0	0	0	0	0	0	0	0	0	0	0	0	0	0	0	0	0	0	0	0	0	0	0	0	0	0	0	0	0	0	0	0	0	0	0	0	0	0	0	0	0	0	0	0	0	4.75	0	0	0	0	0	0	0
61811	0	0	0	0	0	0	0	0	0	0	0	2	0	0	0	0	0	0	0	0	0	0	0	0	0	0	0	0	0	0	0	0	0	0	0	0	4	0	0	0	0	0	0	0	0	0	0	0	0	0	0	0	0	0	0	0	0	0	0	0	0	0	0	0	0	0	0	0
4477940	0	0	0	0	0	0	0	0	0	0	0	0	0	0	0	0	0	0	0	0	0	0	0	0	0	0	0	0	0	0	0	0	0	0	0	0	0	0	0	0	0	0	0	0	0	0	4.5	0	0	0	0	0	0	0	0	0	0	0	0	0	0	0	0	0	0	0	0	0
626720	0	0	0	0	0	0	0	0	0	0	0	0	0	0	0	0	0	0	0	0	0	0	0	0	0	0	0	0	0	0	0	0	0	0	0	0	0	0	0	0	0	0	0	0	0	0	0	0	0	0	0	0	0	0	0	0	0	6	0	0	0	0	0	0	0	0	0	0
4426207	0	0	0	0	0	0	0	0	0	5.5	3	0	0	0	0	0	0	0	0	0	0	5.5	6.5	0	0	0	0	0	0	0	0	0	0	0	0	0	0	0	0	0	0	0	0	0	0	0	0	0	0	0	0	0	0	0	0	0	0	0	0	0	0	0	0	0	0	0	0	0
4280577	0	0	0	0	0	0	0	0	0	0	0	0	0	0	0	0	0	0	0	0	0	0	0	0	0	3.4	0	0	0	0	0	0	0	0	0	0	0	0	0	0	0	0	0	0	0	0	0	0	0	0	0	0	0	0	0	0	0	0	0	0	0	0	0	0	0	0	0	0
528979	0	0	0	0	0	0	0	0	0	0	0	0	0	0	0	0	0	0	0	0	0	0	0	0	2.66666666666667	2	5.66666666666667	0	0	0	0	0	0	0	0	0	0	0	0	0	0	0	0	0	0	0	0	0	0	0	0	0	0	0	0	0	0	0	0	0	0	0	0	0	0	0	0	0
1129207	0	0	0	0	0	0	0	0	0	0	0	0	0	0	0	0	0	0	0	0	0	0	0	0	0	0	0	0	0	0	0	0	0	0	0	0	0	0	0	0	8.5	0	0	0	0	0	0	0	0	0	0	0	0	0	0	0	0	0	0	0	0	0	0	0	0	0	0	0
4469858	0	0	0	0	0	0	0	0	0	0	0	0	0	0	0	0	0	0	0	0	0	0	0	0	0	0	0	0	0	0	0	0	0	0	0	0	0	0	0	0	0	0	0	0	0	0	0	0	0	0	0	0	0	0	0	0	0	0	0	0	0	0	0	0	8.5	0	0	0
4335608	0	0	0	0	0	0	0	0	0	0	0	0	0	0	0	0	0	0	0	0	0	0	0	0	0	5.33333333333333	0	0	0	0	0	0	0	0	0	0	0	0	0	0	0	0	0	0	0	0	0	0	0	0	0	0	0	0	0	0	0	0	0	0	0	0	0	0	0	0	0	0
4299593	0	0	0	0	0	0	0	0	0	0	0	0	0	0	0	0	0	0	0	0	0	0	0	0	0	0	0	0	0	0	0	0	0	0	0	0	0	0	0	0	0	0	0	0	0	16	0	0	0	0	0	0	0	0	0	0	0	0	0	0	0	0	0	0	0	0	0	0
768642	0	0	0	0	0	0	0	0	0	0	0	0	0	0	0	0	0	0	0	0	0	0	0	0	0	0	0	0	0	0	0	0	0	0	0	0	0	0	0	0	0	0	0	0	0	0	0	0	0	0	0	0	0	0	0	0	0	0	8	0	0	0	0	0	0	0	0	0
92786	0	0	0	0	0	0	0	0	0	0	0	0	0	0	0	0	2.5	0	0	0	0	0	0	0	0	0	0	0	0	0	0	0	0	0	0	0	0	0	0	0	0	0	0	0	0	0	0	0	0	0	0	0	0	0	0	0	0	0	0	0	0	0	0	0	0	0	0	0
113017	0	0	0	0	0	0	0	0	0	0	0	0	0	0	0	0	7.5	0	0	0	0	0	0	0	0	0	0	0	0	0	0	0	0	0	0	0	0	0	0	0	0	0	0	0	0	0	0	0	0	0	0	0	0	0	0	2	0	5	0	0	0	0	0	0	0	0	0	0
657281	0	0	0	0	0	0	0	0	0	0	0	0	0	0	0	0	0	0	0	0	0	0	0	0	0	3	0	0	0	0	0	0	0	0	0	0	0	0	0	0	0	0	0	0	0	0	0	0	0	0	0	0	0	0	0	0	0	0	0	0	0	0	0	0	0	0	0	0
256355	0	0	0	0	0	0	0	0	0	0	0	0	0	0	0	0	0	0	0	0	0	0	0	0	0	0	0	0	0	0	0	0	2.75	0	0	0	0	0	0	0	0	0	0	0	0	0	0	0	1	0	0	0	0	0	0	0	0	0	0	0	0	0	0	0	0	0	0	0
226258	0	0	0	0	0	0	0	0	0	0	0	0	0	0	0	0	0	0	0	0	0	0	0	0	0	0	0	0	0	0	0	0	0	0	0	0	0	0	0	0	0	0	0	2.5	0	0	0	0	0	0	0	0	0	0	0	0	0	0	0	0	0	0	0	0	0	0	0	0
589382	0	0	0	0	0	0	0	0	0	0	0	0	0	0	0	0	0	0	0	0	0	0	0	0	0	0	0	0	0	0	0	0	0	0	0	0	0	0	0	0	0	0	0	7.5	0	0	0	0	0	0	0	0	0	0	0	0	0	0	0	0	0	0	0	0	0	0	0	0
273658	0	0	0	0	0	0	0	0	0	0	0	0	0	0	0	0	0	0	0	0	0	0	0	0	0	0	0	0	0	0	0	0	0	0	0	0	0	0	0	0	0	0	0	0	0	0	0	3.75	0	0	0	0	0	0	0	0	0	0	0	0	0	0	0	0	0	0	0	0
11536	0	0	0	0	0	0	0	0	0	0	0	0	0	0	0	0	0	0	0	0	0	0	0	0	0	0	0	0	0	0	0	0	0	0	0	0	0	0	0	0	0	0	0	0	0	0	0	0	0	0	0	0	0	7.5	0	0	0	0	0	0	0	0	0	0	0	0	0	0
3590653	0	0	0	0	0	0	0	0	0	0	0	2.5	0	0	0	0	4.5	0	0	0	0	0	0	0	0	0	0	0	0	0	0	0	0	0	0	0	0	0	0	0	0	0	0	0	0	0	0	0	0	0	0	0	0	0	0	0	0	0	0	0	0	0	0	0	0	0	0	0
4418479	0	0	0	0	0	0	0	0	0	0	0	0	0	0	7	0	0	0	0	0	0	0	0	0	0	0	0	0	0	0	0	0	0	0	0	0	0	0	0	0	0	0	0	0	0	0	0	0	0	0	0	0	0	0	0	0	0	0	0	0	0	0	0	0	0	0	0	0
3239984	0	0	0	0	0	0	0	0	0	0	0	0	0	0	2.5	0	5	0	0	0	0	0	0	0	0	0	0	0	0	0	0	0	0	0	0	0	0	0	0	0	0	0	0	0	0	0	0	0	0	0	0	0	0	0	0	0	0	0	0	0	0	0	0	0	2	0	0	0
105192	0	0	0	0	0	0	0	0	0	0	0	0	0	0	0	0	0	0	0	0	0	0	0	0	0	9.33333333333333	0	0	0	0	0	0	0	0	0	0	0	0	0	0	0	0	0	0	0	0	0	0	0	0	0	0	0	0	0	0	0	0	0	0	0	0	0	0	0	0	0	0
621045	0	0	0	0	0	0	0	0	0	0	0	0	0	0	0	0	0	0	0	0	0	0	0	0	0	0	10	0	0	0	0	0	0	0	0	0	0	0	0	0	0	0	0	0	0	0	0	0	0	0	0	0	0	0	0	0	0	0	0	0	0	0	0	0	4	0	0	0
2971054	0	0	0	0	0	0	0	0	0	0	0	0	0	0	0	0	0	0	0	0	0	0	0	0	0	0	0	7	0	0	0	0	0	0	0	0	0	0	0	0	0	0	0	0	0	0	0	0	0	0	0	0	0	0	0	0	0	0	0	0	0	0	0	0	0	0	0	0
201075	0	0	0	0	2.6	0	0	0	0	0	0	0	0	0	0	0	0	0	0	0	0	0	0	0	0	0	0	0	0	0	0	0	0	0	0	0	0	0	0	0	0	0	0	0	0	0	0	0	0	0	0	0	0	0	0	0	0	0	0	0	0	0	0	0	0	0	0	0
541147	0	0	0	0	0	0	4	0	0	0	0	0	0	2.33333333333333	0	0	0	0	0	0	0	0	0	0	0	0	0	0	0	0	0	0	0	0	0	0	0	0	0	0	0	0	0	0	0	0	0	0	0	0	0	0	0	0	0	0	0	0	0	0	0	0	0	0	0	0	0	0
89313	0	0	0	0	0	0	0	0	0	13	0	0	0	0	0	0	0	0	0	0	0	0	0	0	0	0	0	0	0	0	0	0	0	0	0	0	0	0	0	0	0	0	0	0	0	0	0	0	0	0	0	0	0	0	0	0	0	0	0	0	0	0	0	0	0	0	0	0
104940	0	0	0	0	0	0	0	0	0	0	2.16666666666667	0	0	0	0	0	0	0	0	0	0	0	0	0	0	0	0	0	0	0	0	0	0	0	0	0	0	0	0	0	0	0	0	0	0	0	0	0	0	0	0	0	0	0	0	0	0	0	0	0	0	0	0	0	0	0	0	0
4410581	0	0	0	0	0	0	0	0	0	0	6.5	0	0	0	0	0	0	0	0	0	0	0	0	0	0	0	0	0	0	0	0	0	0	0	0	0	0	0	0	0	0	0	0	0	0	0	0	0	0	0	0	0	0	0	0	0	0	0	0	0	0	0	0	0	0	0	0	0
4446133	0	0	0	0	0	0	0	0	0	0	0	0	0	0	1.3	0	0	0	0	0	0	0	0	0	0	0	0	0	0	0	0	0	0	0	0	0	0	0	0	0	0	0	0	0	0	0	0	0	0	0	0	0	0	0	0	0	0	0	0	0	0	0	0	0	0	0	0	0
728488	0	0	0	0	0	0	0	0	0	0	0	0	0	0	0	0	0	0	0	0	0	0	0	0	0	6.5	0	0	0	0	0	0	0	0	0	0	0	0	0	0	0	0	0	0	0	0	0	0	0	0	0	0	0	0	0	0	0	0	0	0	0	0	0	0	0	0	0	0
1123035	0	0	0	0	0	0	0	0	0	0	0	0	0	0	0	0	0	0	0	0	0	0	0	0	0	4.33333333333333	0	0	0	0	0	0	0	0	0	0	0	0	0	0	0	0	0	0	0	0	0	0	0	0	0	0	0	0	0	0	0	0	0	0	0	0	0	0	0	0	0	0
3868277	0	0	0	0	0	0	0	0	0	0	0	0	0	0	0	0	0	0	0	0	0	0	0	0	0	0	0	0	0	0	0	0	0	0	0	0	4.33333333333333	0	0	0	0	0	0	0	0	0	0	0	0	0	0	0	0	0	0	0	0	0	0	0	0	0	0	0	0	0	0	0
633707	0	0	0	0	0	0	0	0	0	0	0	0	0	0	0	0	0	0	0	0	0	0	0	0	0	0	0	0	0	0	0	0	0	0	0	0	0	0	0	0	0	0	0	0	0	0	0	0	0	0	0	0	0	0	0	0	6.5	0	0	0	0	0	0	0	0	0	0	0
4329448	0	0	0	0	0	0.5	0	0	0	0	0	0	0	0	0	0	0	1	0	0	0	0	0	0	0	0	0	0	0	0	0	0	0	0	0	0	0.833333333333333	0.166666666666667	0	0	0	0	0	0	0	0	0.166666666666667	0	0.666666666666667	0.166666666666667	0	0	0	0	0	0	0	0	0	0	0	0	0	0	0	0	0	0
171894	0	0	0	0	0	0	0	0	0	0	0	0	0	0	4	0	0	0	0	0	0	0	0	0	0	0	0	0	0	0	0	0	0	0	0	0	0	0	0	0	0	0	0	0	0	0	0	0	0	0	0	0	0	0	0	0	0	0	0	0	0	0	0	0	0	0	0	0
648991	0	0	0	0	0	0	0	0	0	0	0	0	0	0	0	0	2	0	0	0	0	0	0	0	0	0	0	0	0	0	0	0	0	0	0	0	0	0	0	0	0	0	0	0	0	0	0	0	0	0	0	0	0	0	0	0	0	0	0	0	0	0	0	0	0	0	0	0
336201	0	0	0	0	0	0	0	0	0	0	0	0	0	0	0	0	4	0	0	0	0	0	0	0	0	0	0	0	0	0	0	0	0	0	0	0	0	0	0	0	0	0	0	0	0	0	0	0	0	0	0	0	0	0	0	0	0	0	0	0	0	0	0	0	0	0	0	0
101904	0	0	0	0	0	0	0	0	0	0	0	0	0	0	0	0	0	0	0	0	0	0	0	0	0	0	0	0	0	0	0	0	0	0	0	0	0	0	1.25	0	0	0	0	0	0	0	0	0	0	1.75	0	0	0	0	0	0	0	0	0	0	0	0	0	0	0	0	0	0
817948	0	0	0	0	0	0	0	0	0	0	0	0	0	0	0	0	0	0	0	0	0	0	0	0	0	0	0	0	0	0	0	0	0	0	0	0	0	0	0	0	0	0	0	2	0	0	0	0	0	0	0	0	0	0	0	0	0	0	0	0	0	0	0	0	0	0	0	0
2565173	0	0	0	0	0	0	0	0	0	0	0	0	0	4	0	10	0	0	0	0	0	0	0	0	0	0	0	0	0	0	0	0	0	0	0	0	0	0	0	0	0	0	0	0	0	12	0	0	0	0	0	0	0	0	1	0	0	0	0	0	0	0	0	0	0	0	0	0
882871	0	0	0	0	0	0	0	0	0	0	0	0	0	0	0	0	0	0	0	0	0	0	0	0	0	0	0	0	0	0	0	0	0	0	0	0	0	0	0	0	0	0	0	0	0	0	0	0	0	4	0	0	0	0	0	0	0	0	3	0	0	0	0	0	0	0	0	0
3741113	0	0	0	0	0	0	0	0	0	0	0	0	0	0	0	0	0	0	0	0	0	0	0	0	0	0	0	0	0	0	0	0	0	0	0	0	0	0	0	0	0	0	0	0	0	0	0	0	0	0	0	0	0	0	0	0	0	0	0	0	3	0	0	0	0	0	0	0
167637	0	0	0	0	0	0	0	0	0	0	0	0	0	0	0	0	0	0	0	0	0	0	0	0	0	0	0	0	0	0	0	0	0	0	0	0	0	0	0	0	0	0	0	0	0	0	0	0	0	0	0	0	0	0	0	0	0	0	0	0	0	2	0	0	0	0	0	0
2773306	0	0	0	3.66666666666667	0	0	0	0	0	0	0	0	0	0	0	0	0	0	0	0	0	0	0	0	0	0	0	0	0	0	0	0	0	0	0	0	0	0	0	0	0	0	0	0	0	0	0	0	0	0	0	0	0	0	0	0	0	0	0	0	0	0	0	0	0	0	0	0
362057	0	0	0	0	0	0	0	0	2.2	0	0	0	0	0	0	0	0	0	0	0	0	0	0	0	0	0	0	0	0	0	0	0	0	0	0	0	0	0	0	0	0	0	0	0	0	0	0	0	0	0	0	0	0	0	0	0	0	0	0	0	0	0	0	0	0	0	0	0
4361797	0	0	0	0	0	0	0	0	0	0	0	2.75	0	0	0	0	0	0	0	0	0	0	0	0	0	0	0	0	0	0	0	0	0	0	0	0	0	0	0	0	0	0	0	0	0	0	0	0	0	0	0	0	0	0	0	0	0	0	0	0	0	0	0	0	0	0	0	0
586825	0	0	0	0	0	0	0	0	0	0	0	0	0	0	0	0	0	0	0	0	0	0	0	0	0	5.5	0	0	0	0	0	0	0	0	0	0	0	0	0	0	0	0	0	0	0	0	0	0	0	0	0	0	0	0	0	0	0	0	0	0	0	0	0	0	0	0	0	0
522273	0	0	0	0	0	0	0	0	0	0	0	0	0	0	0	0	0	0	0	0	0	0	0	0	0	0	5.5	0	0	0	0	0	0	0	0	0	0	0	0	0	0	0	0	0	0	0	0	0	0	0	0	0	0	0	0	0	0	0	0	0	0	0	0	0	0	0	0	0
1121548	0	0	0	0	0	0	0	0	0	0	0	0	0	0	0	0	0	0	0	0	0	0	0	0	0	0	0	0	0	0	0	0	0	0	0	0	0	2.75	0	0	0	0	0	0	0	0	0	0	0	0	0	0	0	0	0	0	0	0	0	0	0	0	0	0	0	0	0	0
3700608	0	0	0	0	0	0	0	0	0	0	0	0	0	0	0	0	0	0	0	0	0	0	0	0	0	0	0	0	3	0	0	0	0	0	0	0	0	0	0	0	0	0	0	0	0	0	3.66666666666667	0	0	0	0	0	0	0	0	0	0	0	0	0	0	0	0	0	0	0	0	0
184947	0	0	0	0	0	0	0	0	0	0	0	0	0	0	0	0	0	0	0	0	0	0	0	0	0	1.2	0	0	0	0	0	0	0	0	0	0	0	0	0	0	0	0	0	0	0	0	0	0	0	0	0	0	0	0	0	0	0	0	0	0	2.2	0	0	0	0	0	0	0
555772	0	0	0	0	3.33333333333333	0	0	0	0	0	0	0	0	0	0	0	0	0	0	0	0	0	0	0	0	0	0	0	0	0	0	0	0	0	0	0	0	0	0	0	0	0	0	0	0	0	0	0	0	0	0	0	0	0	0	0	0	0	0	0	0	0	0	0	0	0	0	0
114687	0	0	0	0	0	0	0	0	0	0	0	0	0	0	0	0	0	0	0	0	0	0	0	0	0	1.66666666666667	0	0	0	0	0	0	0	0	0	0	0	0	0	0	0	0	0	0	0	0	0	0	0	0	0	0	0	0	0	0	0	0	0	0	0	0	0	0	0	0	0	0
4322411	0	0	0	0	0	0	0	0	0	0	0	0	0	0	0	0	0	0	0	0	0	0	0	0	0	0	0	0	0	0	0	0	0	1.66666666666667	0	0	0	0	0	0	0	0	0	0	0	0	0	0	0	0	0	0	0	0	0	0	0	0	0	0	0	0	0	0	0	0	0	0
1144719	0	0	0	0	0	0	0	0	0	0	0	0	0	0	0	0	0	0	0	0	0	6	0	0	0	0	0	0	0	0	0	0	0	0	0	0	0	10	0	0	0	0	0	0	0	0	0	0	0	0	0	0	0	0	0	0	0	0	0	0	0	0	0	0	0	0	0	0
93202	0	0	0	0	0	0	0	0	0	0	0	0	0	0	0	0	0	0	0	0	0	0	0	0	0	0	0	0	0	0	0	0	0	0	0	0	0	0	0	0	0	0	0	0	5	0	0	0	0	0	0	0	0	0	0	0	0	0	0	0	0	0	0	0	0	0	0	0
914697	0	0	0	0	0	0	0	0	0	0	0	0	0	0	0	0	0	0	0	0	0	0	0	0.6	0	0	0	0	0	0	0.8	0	0	0	0	0	0	0	0	0	0	0	0	0	0	0	0	0	0	0	0	0	0	0	0	0	0	0	0	0	0	2	0	0	0	0	0	0
703211	0	0	0	0	0	0	0	0	1.5	0	0	0	0	0	0	0	0	0	0	0	0	0	0	0	0	0	0	0	0	0	0	0	0	0	0	0	0	0	0	0	0	0	0	0	0	0	0	0	0	0	0	0	0	0	0	0	0	0	0	0	0	0	0	0	0	0	0	0
4417927	0	0	0	0	0	0	0	0	0	0	0	0	0	0	0	0	4.5	0	0	0	0	0	0	0	0	0	0	0	0	0	0	0	0	0	0	0	0	0	0	0	0	0	0	0	0	0	0	0	0	0	0	0	0	0	0	0	0	0	0	0	0	0	0	0	0	0	0	0
545604	0	0	0	0	0	0	0	0	0	0	0	0	0	0	0	0	0	0	0	0	0	0	0	0	0	2.25	0	0	0	0	0	0	0	0	0	0	0	0	0	0	0	0	0	0	0	0	0	0	0	0	0	0	0	0	0	0	0	0	0	0	0	0	0	0	0	0	0	0
814799	0	0	0	0	0	0	0	0	0	0	0	0	0	0	0	0	0	0	0	0	0	0	0	0	0	4.5	0	0	0	0	0	0	0	0	0	0	0	0	0	0	0	0	0	0	0	0	0	0	0	0	0	0	0	0	0	0	0	0	0	0	0	0	0	0	0	0	0	0
245428	0	0	0	0	0	0	0	0	0	0	0	0	0	0	0	0	0	0	0	0	0	0	0	0	0	5	0	0	0	0	0	0	0	0	0	0	0	0	0	0	0	0	0	0	0	0	0	0	0	0	0	0	0	0	0	0	0	0	0	0	4	0	0	0	0	0	0	0
91412	0	0	0	0	0	0	0	0	0	0	0	0	0	0	0	0	0	0	0	0	0	0	0	0	0	0	9	0	0	0	0	0	0	0	0	0	7	0	0	0	0	0	0	0	0	0	0	0	0	0	0	0	0	0	0	0	0	0	0	0	0	0	0	0	0	0	0	0
955459	0	0	0	0	0	0	0	0	0	0	0	0	0	0	0	0	0	0	0	0	0	0	0	0	0	0	4.5	0	0	0	0	0	0	0	0	0	0	0	0	0	0	0	0	0	0	0	0	0	0	0	0	0	0	0	0	0	0	0	0	0	0	0	0	0	0	0	0	0
1104283	0	0	0	0	0	0	0	0	0	0	0	0	0	0	0	0	0	0	0	0	0	0	0	0	0	0	0	0	0	0	0	0	0	0	0	0	0	0	0	4.5	0	0	0	0	0	0	0	0	0	0	0	0	0	0	0	0	0	0	0	0	0	0	0	0	0	0	0	0
922293	0	0	0	0	0	0	0	0	0	0	0	0	0	0	0	0	0	0	0	0	0	0	0	0	0	0	0	0	0	0	0	0	0	0	0	0	0	0	0	4.5	0	0	0	0	0	0	0	0	0	0	0	0	0	0	0	0	0	0	0	0	0	0	0	0	0	0	0	0
307844	0	0	0	0	0	0	0	0	0	0	0	0	0	0	0	0	0	0	0	0	0	0	0	0	0	0	0	0	0	0	0	0	0	0	0	0	0	0	0	0	3	0	0	0	0	0	0	0	0	0	0	0	0	0	0	0	0	0	0	0	0	0	0	0	0	0	0	0
219317	0	0	0	0	0	0	0	0	0	0	0	0	0	0	0	0	0	0	0	0	0	0	0	0	0	0	0	0	0	0	0	0	0	0	0	0	0	0	0	0	0	0	0	4.5	0	0	0	0	0	0	0	0	0	0	0	0	0	0	0	0	0	0	0	0	0	0	0	0
918396	0	0	0	0	0	0	0	0	0	0	0	0	0	0	0	0	0	0	0	0	0	0	0	0	0	0	0	0	0	0	0	0	0	0	0	0	0	0	0	0	0	0	0	0	0	0	0	0	0	0	0	2.25	0	0	0	0	0	0	0	0	0	0	0	0	0	0	0	0
971457	0	0	0	0	0	0	0	0	0	0	0	0	0	0	0	0	0	0	0	0	0	0	0	0	0	0	0	0	0	0	0	0	0	0	0	0	0	0	0	0	0	0	0	0	0	0	0	0	0	0	0	0	0	0	0	0	0	0	0	0	2.25	0	0	0	0	0	0	0
310003	0	0	0	0	0	0	0	0	0	0	0	4	0	0	0	0	0	0	0	0	0	0	0	0	0	0	0	0	0	0	0	0	0	0	0	0	0	0	0	0	0	0	0	0	0	0	0	0	0	0	0	0	0	0	0	0	0	0	0	0	0	0	0	0	0	0	0	0
923719	0	0	0	0	0	0	0	0	0	0	0	0	0	0	0	0	2.66666666666667	0	0	0	0	0	0	0	0	0	0	0	0	0	0	0	0	0	0	0	0	0	0	0	0	0	0	0	0	0	0	0	0	0	0	0	0	0	0	0	0	0	0	0	0	0	0	0	0	0	0	0
111100	0	0	0	0	0	0	0	0	0	0	0	0	0	0	0	0	0	0	0	0	0	0	0	4	0	0	0	0	0	0	0	0	0	0	0	0	0	0	0	0	0	0	0	0	0	0	0	0	0	0	0	0	0	0	0	0	0	0	0	0	0	0	0	0	0	0	0	0
876951	0	0	0	0	0	0	0	0	0	0	0	0	0	0	0	0	0	0	0	0	0	0	0	0	0	4	0	0	0	0	0	0	0	0	0	0	0	0	0	0	0	0	0	0	0	0	0	0	0	0	0	0	0	0	0	0	0	0	0	0	0	0	0	0	0	0	0	0
4308303	0	0	0	0	0	0	0	0	0	0	0	0	0	0	0	0	0	0	0	0	0	0	0	0	0	2	0	0	0	0	0	0	0	0	0	0	0	0	0	0	0	0	0	0	0	0	0	0	0	0	0	0	0	0	0	0	0	0	0	0	0	0	0	0	0	0	0	0
774259	0	0	0	0	0	0	0	0	0	0	0	0	0	0	0	0	0	0	0	0	0	0	0	0	0	0	2.66666666666667	0	0	0	0	0	0	0	0	0	0	0	0	0	0	0	0	0	0	0	0	0	0	0	0	0	0	0	0	0	0	0	0	0	0	0	0	0	0	0	0	0
690512	0	0	0	0	0	0	0	0	0	0	0	0	0	0	0	0	0	0	0	0	0	0	0	0	0	0	0	0	0	1	0	0	0	0	1	0	0	0	1	0	0	0	0	0	0	0	0	0	0	0	0	0	0	0	0	0	1	0	0	0	0	0	0	0	4	0	0	0
4203120	0	0	0	0	0	0	0	0	0	0	0	0	0	0	0	0	0	0	0	0	0	0	0	3	0	0	0	0	0	0	0	0	4	0	0	0	0	0	0	0	0	0	0	0	0	0	0	0	0	0	0	0	0	0	0	0	0	0	0	0	0	0	0	0	0	0	0	0
4441674	0	0	0	0	0	0	0	0	0	0	0	0	0	0	0	0	0	0	0	0	0	0	0	0	0	0	0	0	0	0	0	0	0	0	0	0	0	0	0	0	0	0	0	0	8	0	0	0	0	0	0	0	0	0	0	0	0	0	0	0	0	0	0	0	0	0	0	0
341134	0	0	0	0	0	0	0	0	0	0	0	0	0	0	0	0	0	0	0	0	0	0	0	0	0	0	0	0	0	0	0	0	0	0	0	0	0	0	0	0	0	0	0	0	0	0	0	0	0	0	0	2	0	0	0	0	0	0	0	0	0	0	0	0	0	0	0	0
993352	0	0	0	0	0	0	0	0	0	0	0	0	0	0	0	0	0	0	0	0	0	0	0	0	0	0	0	0	0	0	0	0	0	0	0	0	0	0	0	0	0	0	0	0	0	0	0	0	0	0	0	0	0	0	0	0	0	0	0	0	2.66666666666667	0	0	0	0	0	0	0
301778	0	0	0	0	0	0	0	0	0	0	0	0	0	0	0	0	0	0	0	0	0	0	0	0	0	0	0	0	0	0	0	0	0	0	0	0	0	0	0	0	0	0	0	0	0	0	0	0	0	0	0	0	0	0	0	0	0	0	0	0	0	0	0	0	0.8	0	0	0
136641	0	0	0	0	0	0	0	0	0	0	0	0	0	2.33333333333333	0	0	0	0	0	0	0	0	0	0	0	0	0	0	0	0	0	0	0	0	0	0	0	0	0	0	0	0	0	0	0	0	0	0	0	0	0	0	0	0	0	0	0	0	0	0	0	0	0	0	0	0	0	0
768381	0	0	0	0	0	0	0	0	0	0	0	0	0	0	13	0	0	0	0	0	0	0	0	0	0	0	0	0	0	0	0	0	0	0	0	0	0	0	0	0	0	0	0	0	0	0	0	0	0	0	0	0	0	0	0	0	0	0	0	0	0	0	0	0	0	0	0	0
21572	0	0	0	0	0	0	0	0	0	0	0	0	0	0	0	0	0	0	0	0	0	0	0	0	0	2.33333333333333	0	0	0	0	0	0	0	0	0	0	0	0	0	0	0	0	0	0	0	0	0	0	0	0	0	0	0	0	0	0	0	0	0	0	0	0	0	0	0	0	0	0
2663998	0	0	0	0	0	0	0	0	0	0	0	0	0	0	0	0	0	0	0	0	0	0	0	0	0	3.5	0	0	0	0	0	0	0	0	0	0	0	0	0	0	0	0	0	0	0	0	0	0	0	0	0	0	0	0	0	0	0	0	0	0	0	0	0	0	0	0	0	0
167755	0	0	0	0	0	0	0	0	0	0	0	0	0	0	0	0	0	0	0	0	0	0	0	0	0	0	0	0	0	0	0	0	0	0	0	0	0	3.5	0	0	0	0	0	0	0	0	0	0	0	0	0	0	0	0	0	0	0	0	0	0	0	0	0	0	0	0	0	0
1108457	0	0	0	0	0	0	0	0	0	0	0	0	0	0	0	0	0	0	0	0	0	0	0	0	0	0	0	0	0	0	0	0	0	0	0	0	0	0	0	0	0	0	0	0	0	0	0	0	0	0	0	0	0	0	0	0	3.5	0	0	0	0	0	0	0	0	0	0	0
587586	0	0	0	0	2	0	0	0	0	0	0	0	0	0	0	0	0	0	0	0	0	0	0	0	0	0	0	0	0	0	0	0	0	0	0	0	0	0	0	0	0	0	0	0	0	0	0	0	0	0	0	0	0	0	0	0	0	0	0	0	0	0	0	0	0	0	0	0
4342952	0	0	0	0	0	0	0	0	0	0	0	0	0	0	0	0	0	0	0	0	0	0	0	0	0	0	0	0	0	1	0	0	0	0	0	0	0	0	0	0	0	0	0	0	0	0	0	0	0	0	0	0	0	0	0	0	0	0	0	0	0	0	0	0	0	0	0	0
870418	0	0	0	0	0	0	0	0	0	0	0	0	0	0	0	0	0	0	0	0	0	0	0	0	0	0	0	0	0	0	0	6	0	0	0	0	0	0	0	0	0	0	0	0	0	0	0	0	0	0	0	0	0	0	0	0	0	0	0	0	0	0	0	0	0	0	0	0
112081	0	0	0	0	0	0	0	0	0	0	0	0	0	0	0	0	0	0	0	0	0	0	0	0	0	0	0	0	0	0	0	0	0	0	0	0	0	0	0	0	0	0	0	0	0	0	0	0	0	0	0	0	0	0	0	0	0	0	1.5	0	0	0	0	0	0	0	0	0
589861	0	0	0	0	0	0	0	0	0	0	0	0	0	0	0	0	0	0	0	0	0	0	0	0	0	0	0	0	0	0	0	0	0	0	0	0	0	0	0	0	0	0	0	0	0	0	0	0	0	0	0	0	0	0	0	0	0	0	0	0	1.5	0	0	0	0	0	0	0
4469792	0	0	0	0	0	0	0	0	0	0	0	0	0	0	0	0	0	0	0	0	0	0	0	0	0	0	0	0	0	0	0	0	0	0	0	0	0	0	0	0	0	0	0	0	0	0	0	0	0	0	0	0	0	0	0	0	0	0	0	0	0	3	0	0	0	0	0	0
103285	0	0	0	0	0	0	0	0	0	0	0	0	0	0	0	0	0	0	0	0	0	0	0	0	0	0	0	0	0	0	0	0	0	0	0	0	0	0	0	0	0	0	0	0	0	0	0	0	0	0	0	0	0	0	0	0	0	0	0	0	0	0	0	0	0	0	0	3
4351162	0	0	0	0	0	0	0	0	0	0	0	0	0	0	0	2.5	0	0	0	0	0	0	0	0	0	0	0	0	0	0	0	0	0	0	0	0	0	0	0	0	0	0	0	0	0	0	0	0	0	0	0	0	0	0	0	0	0	0	0	0	0	0	0	0	0	0	0	0
3538	0	0	0	0	0	0	0	0	0	0	0	0	0	0	0	0	0	0	0	0	0	0	0	0	0	0	0	0	2.5	0	0	0	0	0	0	0	0	0	0	0	0	0	0	0	0	0	0	0	0	0	0	0	0	0	0	0	0	0	0	0	0	0	0	0	0	0	0	0
985219	0	0	0	0	0	0	0	0	0	0	0	0	0	0	0	0	0	0	0	0	0	0	0	0	0	0	0	0	0	0	0	0	0	0	0	0	1.25	0	0	0	0	0	0	0	0	0	0	0	0	0	0	0	0	0	0	0	0	0	0	0	0	0	0	0	0	0	0	0
4440767	0	0	0	0	0	0	0	0	0	0	0	0	0	0	0	0	0	0	0	0	0	0	0	0	0	0	0	0	0	0	0	0	0	0	0	0	0	0	0	0	5	0	0	0	0	0	0	0	0	0	0	0	0	0	0	0	0	0	0	0	0	0	0	0	0	0	0	0
812667	0	0	0	0	0	0	0	0	0	0	0	0	0	0	0	0	4	0	0	0	0	0	0	0	0	0	0	0	0	0	0	0	0	0	0	0	0	0	0	0	0	0	0	0	0	0	0	0	0	0	0	0	0	0	0	0	0	0	0	0	0	0	0	0	0	0	0	0
792198	0	0	0	0	0	0	0	0	0	0	0	0	0	0	0	0	0	0	0	0	0	0	0	0	0	0	1	0	0	0	0	0	0	0	0	0	0	0	0	0	0	0	0	0	0	0	0	0	0	0	0	0	0	0	0	0	0	0	0	0	0	0	0	0	0	0	0	0
114428	0	0	0	0	0	0	0	0	0	0	0	0	0	0	0	0	0	0	0	0	0	0	0	0	0	0	0	0	0	0	0	0	0	0	0	0	0	0	0	0	0	0	0	0.666666666666667	0	0	0	0	0	0	0	0	0	0	0	0	0	0	0	0	0	0	0	0	0	0	0	0
4365871	0	0	0	0	0	0	0	0	0	0	0	0	0	0	0	0	0	0	0	0	0	0	0	0	0	0	0	0	0	0	0	0	0	0	0	0	0	0	0	0	0	0	0	0	0	0	0.666666666666667	0	0	0	0	0	0	0	0	0	0	0	0	0	0	0	0	0	0	0	0	0
284630	0	0	0	0	0	0	0	0	0	0	0	0	0	0	0	0	0	0	0.75	0	0	0	0	0	0	0	0	0	0	0	0	0	0	0	0	0	0	0	0	0	0	0	0	0	0	0	0	0	0	0	0	0	0	0	0	0	0	0	0	0	0	0	0	0	0	0	0	0
1139776	0	0	0	0	0	0	0	0	0	0	0	0	0	0	0	0	0	0	0	0	0	0	0	0	0	0	0	0	0	0	0	0	0	0	0	0	0	0	0	0	0	0	0	0.5	0	0	0	0	0	0	0	0	0	0	0	0	0	0	0	0	0	0	0	0	0	0	0	0
4467223	0	0	0	0	0	0	0	0	0	0	0	0	0	0	0	0	0	0	0	0	0	0	0	0	0	0	0	0	0	0	0	0	0	0	0	0	0	0	0	0	0	0	0	0	0	0	0	0	0	0	0	0	0	0	0	0	0	0	0	1.5	0	0	0	0	0	0	0	0
813557	0	0	0	0	0	0	0	0	0	0	0	0	0	0	0	0	0	0	0	0	0	0	0	0	0	0	0	0	0	0	0	0	0	0	0	0	0	0	0	0	0	0	0	0	0	0	0	0	0	0	0	0	0	0	0	0	0	0	0	0	5	0	0	0	0	0	0	0
996574	0	0	0	0	0	0	0	0	0	0	0	0	0	0	0	0	0	0	0	0	0	0	0	0	0	0	0	0	0	0	0	0	0	0	0	0	0	0	0	0	1	0	0	0	0	0	0	0	0	0	0	0	0	0	0	0	0	0	0	0	1.5	0	0	0	0	0	0	0
1091625	0	0	0	0	0	0	0	0	0	0	0	0	0	0	0	0	2	0	0	0	0	0	0	0	0	0	0	0	0	0	0	0	0	0	0	0	0	0	0	0	0	0	0	0	0	0	0	0	0	0	0	0	0	0	0	0	0	0	0	0	0	0	0	0	0	0	0	0
139252	0	0	0	0	0	0	0	0	0	0	0	0	0	0	0	0	0	0	0	0	0	0	0	0	0	0	0	0	0	0	0	0	0	0.333333333333333	0	0	0	0	0	0	0	0	0	0	0	0	0	0	0	0	0	0	0	0	0	0	0	0	0	0	0	0	0	0	0	0	0	0
2887061	0	0	0	0	0	0	0	0	0	0	0	0	0	0	0	0	0	0	0	0	0	0	0	0	0	0	0	0	0	0	0	0	0	0	0	0	0	0	0	0	2	0	0	0	0	0	0	0	0	0	0	0	0	0	0	0	0	0	0	0	0	0	0	0	0	0	0	0
354960	0	0	0	0	0	0	0	0	0	0	0	0	0	0	0	0	0	0	0	0	0	0	0	0	0	0	0	0	0	0	0	0	0	0	0	0	0	0	0	0	0	0	0	0	0	0	0	0	0	0	0	0	0	0	0	0	0	0	0	0	0	0	0	0	0	0	1	0
323190	0	0	0	0	0	0	0	0	1	0	0	0	0	0	0	0	0	0	0	0	0	0	0	0	0	0	0	0	0	0	0	0	0	0	0	0	0	0	0	0	0	0	0	0	0	0	0	0	0	0	0	0	0	0	0	0	0	0	0	0	0	0	0	0	0	0	0	0
999234	0	0	0	0	0	0	0	0	0	0	0	0	0	0	0	0	0	0	0	0	0	0	0	0	0	0	0	0	0	0	0	0	0	0	0	0	0.5	0	0	0	0	0	0	0	0	0	0	0	0	0	0	0	0	0	0	0	0	0	0	0	0	0	0	0	0	0	0	0
